1000, 2, 10, 100, 50, 374.14844706064986, 432, 173, 40, 91751, 92363, 2
1000, 2, 10, 100, 50, 374.14844706064986, 415, 58, 5, 87601, 91118, 2
1000, 2, 10, 100, 50, 374.14844706064986, 606, 239, 33, 128651, 132067, 2
1000, 2, 10, 100, 50, 374.14844706064986, 394, 180, 225, 59818, 66357, 2
1000, 2, 10, 100, 50, 374.14844706064986, 684, 117, 49, 145963, 148877, 2
1000, 2, 10, 100, 50, 374.14844706064986, 392, 47, 61, 81323, 82302, 2
1000, 2, 10, 100, 50, 374.14844706064986, 388, 70, 8, 81262, 84540, 2
1000, 2, 10, 100, 50, 374.14844706064986, 412, 82, 21, 86640, 89161, 2
1000, 2, 10, 100, 50, 374.14844706064986, 436, 45, 34, 92866, 94279, 2
1000, 2, 10, 100, 50, 374.14844706064986, 404, 121, 37, 85492, 86357, 2
1000, 2, 10, 100, 50, 374.14844706064986, 382, 143, 119, 71257, 73998, 2
1000, 2, 10, 100, 50, 374.14844706064986, 337, 95, 34, 71153, 72076, 2
1000, 2, 10, 100, 50, 374.14844706064986, 301, 121, 35, 61653, 63410, 2
1000, 2, 10, 100, 50, 374.14844706064986, 387, 60, 7, 81770, 84529, 2
1000, 2, 10, 100, 50, 374.14844706064986, 353, 54, 17, 75015, 76892, 2
1000, 2, 10, 100, 50, 374.14844706064986, 513, 126, 13, 108042, 112371, 2
1000, 2, 10, 100, 50, 374.14844706064986, 430, 58, 10, 90635, 93760, 2
1000, 2, 10, 100, 50, 374.14844706064986, 519, 90, 26, 110709, 112007, 2
1000, 2, 10, 100, 50, 374.14844706064986, 339, 102, 49, 71059, 71262, 2
1000, 2, 10, 100, 50, 374.14844706064986, 387, 15, 8, 82100, 85178, 2
1000, 2, 10, 100, 50, 374.14844706064986, 327, 127, 42, 67509, 67899, 2
1000, 2, 10, 100, 50, 374.14844706064986, 425, 51, 9, 90702, 92370, 2
1000, 2, 10, 100, 50, 374.14844706064986, 486, 55, 37, 102181, 104004, 2
1000, 2, 10, 100, 50, 374.14844706064986, 461, 83, 45, 96635, 98671, 2
1000, 2, 10, 100, 50, 374.14844706064986, 383, 102, 19, 81084, 82731, 2
1000, 2, 10, 100, 50, 374.14844706064986, 393, 205, 82, 78157, 80383, 2
1000, 2, 10, 100, 50, 374.14844706064986, 498, 89, 7, 106129, 109558, 2
1000, 2, 10, 100, 50, 374.14844706064986, 449, 127, 6, 95708, 99019, 2
1000, 2, 10, 100, 50, 374.14844706064986, 358, 75, 75, 72883, 73113, 2
1000, 2, 10, 100, 50, 374.14844706064986, 363, 62, 1, 76377, 80130, 2
1000, 2, 10, 100, 50, 374.14844706064986, 321, 89, 45, 66233, 67131, 2
1000, 2, 10, 100, 50, 374.14844706064986, 457, 216, 4, 97223, 100216, 2
1000, 2, 10, 100, 50, 374.14844706064986, 596, 180, 112, 118547, 122572, 2
1000, 2, 10, 100, 50, 374.14844706064986, 424, 51, 38, 88991, 90693, 2
1000, 2, 10, 100, 50, 374.14844706064986, 447, 67, 85, 90878, 91962, 2
1000, 2, 10, 100, 50, 374.14844706064986, 448, 68, 65, 93172, 94512, 2
1000, 2, 10, 100, 50, 374.14844706064986, 429, 147, 261, 63954, 71479, 2
1000, 2, 10, 100, 50, 374.14844706064986, 291, 111, 111, 52760, 54478, 2
1000, 2, 10, 100, 50, 374.14844706064986, 440, 111, 4, 93042, 96273, 2
1000, 2, 10, 100, 50, 374.14844706064986, 327, 149, 29, 68570, 69432, 2
1000, 2, 10, 100, 50, 374.14844706064986, 506, 52, 5, 107147, 110600, 2
1000, 2, 10, 100, 50, 374.14844706064986, 352, 96, 86, 70626, 71432, 2
1000, 2, 10, 100, 50, 374.14844706064986, 515, 38, 38, 109553, 111005, 2
1000, 2, 10, 100, 50, 374.14844706064986, 410, 168, 74, 83426, 84266, 2
1000, 2, 10, 100, 50, 374.14844706064986, 429, 133, 166, 76341, 80239, 2
1000, 2, 10, 100, 50, 374.14844706064986, 397, 66, 52, 82985, 83850, 2
1000, 2, 10, 100, 50, 374.14844706064986, 435, 82, 82, 87846, 89880, 2
1000, 2, 10, 100, 50, 374.14844706064986, 459, 79, 19, 98590, 99619, 2
1000, 2, 10, 100, 50, 374.14844706064986, 425, 268, 220, 68745, 73597, 2
1000, 2, 10, 100, 50, 374.14844706064986, 325, 142, 2, 68622, 71501, 2
1000, 2, 10, 100, 50, 374.14844706064986, 409, 53, 53, 85549, 86582, 2
1000, 2, 10, 100, 50, 374.14844706064986, 360, 43, 43, 74988, 75988, 2
1000, 2, 10, 100, 50, 374.14844706064986, 410, 41, 9, 86946, 89890, 2
1000, 2, 10, 100, 50, 374.14844706064986, 408, 84, 84, 82241, 84025, 2
1000, 2, 10, 100, 50, 374.14844706064986, 482, 46, 9, 102947, 105975, 2
1000, 2, 10, 100, 50, 374.14844706064986, 316, 133, 133, 55163, 57700, 2
1000, 2, 10, 100, 50, 374.14844706064986, 392, 181, 32, 82370, 84800, 2
1000, 2, 10, 100, 50, 374.14844706064986, 362, 83, 17, 76929, 78943, 2
1000, 2, 10, 100, 50, 374.14844706064986, 402, 243, 135, 75054, 77133, 2
1000, 2, 10, 100, 50, 374.14844706064986, 442, 97, 23, 94235, 96535, 2
1000, 2, 10, 100, 50, 374.14844706064986, 351, 118, 3, 73268, 76911, 2
1000, 2, 10, 100, 50, 374.14844706064986, 460, 180, 93, 92295, 94253, 2
1000, 2, 10, 100, 50, 374.14844706064986, 466, 199, 14, 98870, 102959, 2
1000, 2, 10, 100, 50, 374.14844706064986, 339, 74, 66, 69043, 68953, 2
1000, 2, 10, 100, 50, 374.14844706064986, 454, 174, 7, 97029, 100474, 2
1000, 2, 10, 100, 50, 374.14844706064986, 396, 139, 35, 83329, 85044, 2
1000, 2, 10, 100, 50, 374.14844706064986, 404, 110, 67, 82937, 84230, 2
1000, 2, 10, 100, 50, 374.14844706064986, 398, 110, 8, 83616, 86830, 2
1000, 2, 10, 100, 50, 374.14844706064986, 319, 228, 64, 64683, 65692, 2
1000, 2, 10, 100, 50, 374.14844706064986, 368, 112, 112, 69220, 71727, 2
1000, 2, 10, 100, 50, 374.14844706064986, 492, 148, 176, 89476, 93308, 2
1000, 2, 10, 100, 50, 374.14844706064986, 489, 117, 73, 100942, 102497, 2
1000, 2, 10, 100, 50, 374.14844706064986, 309, 68, 25, 64751, 65857, 2
1000, 2, 10, 100, 50, 374.14844706064986, 354, 156, 115, 65573, 67839, 2
1000, 2, 10, 100, 50, 374.14844706064986, 397, 114, 71, 81877, 82056, 2
1000, 2, 10, 100, 50, 374.14844706064986, 460, 117, 50, 96126, 97308, 2
1000, 2, 10, 100, 50, 374.14844706064986, 266, 55, 39, 54674, 55336, 2
1000, 2, 10, 100, 50, 374.14844706064986, 408, 280, 54, 85385, 86394, 2
1000, 2, 10, 100, 50, 374.14844706064986, 413, 92, 60, 86129, 87087, 2
1000, 2, 10, 100, 50, 374.14844706064986, 407, 92, 38, 85804, 86814, 2
1000, 2, 10, 100, 50, 374.14844706064986, 466, 90, 14, 99488, 101974, 2
1000, 2, 10, 100, 50, 374.14844706064986, 482, 151, 6, 103119, 105813, 2
1000, 2, 10, 100, 50, 374.14844706064986, 463, 91, 80, 94289, 96200, 2
1000, 2, 10, 100, 50, 374.14844706064986, 419, 79, 99, 82638, 84299, 2
1000, 2, 10, 100, 50, 374.14844706064986, 500, 108, 100, 99713, 102783, 2
1000, 2, 10, 100, 50, 374.14844706064986, 392, 318, 155, 69742, 73136, 2
1000, 2, 10, 100, 50, 374.14844706064986, 416, 134, 37, 87991, 90042, 2
1000, 2, 10, 100, 50, 374.14844706064986, 360, 19, 8, 75723, 78252, 2
1000, 2, 10, 100, 50, 374.14844706064986, 392, 104, 8, 82574, 86525, 2
1000, 2, 10, 100, 50, 374.14844706064986, 350, 115, 34, 73311, 74313, 2
1000, 2, 10, 100, 50, 374.14844706064986, 511, 84, 9, 107987, 112782, 2
1000, 2, 10, 100, 50, 374.14844706064986, 335, 75, 67, 67449, 68370, 2
1000, 2, 10, 100, 50, 374.14844706064986, 454, 115, 115, 87940, 90438, 2
1000, 2, 10, 100, 50, 374.14844706064986, 334, 47, 40, 68657, 69279, 2
1000, 2, 10, 100, 50, 374.14844706064986, 474, 76, 120, 92504, 94825, 2
1000, 2, 10, 100, 50, 374.14844706064986, 385, 91, 39, 81108, 82318, 2
1000, 2, 10, 100, 50, 374.14844706064986, 372, 198, 13, 78912, 81080, 2
1000, 2, 10, 100, 50, 374.14844706064986, 377, 184, 116, 70386, 73273, 2
1000, 2, 10, 100, 50, 374.14844706064986, 427, 323, 66, 88146, 89754, 2
1000, 2, 10, 100, 50, 374.14844706064986, 444, 141, 84, 90272, 92036, 2
