1000, 16, 10, 100, 50, 46.680259762211165, 60, 32, 0, 150651, 63111, 16
1000, 16, 10, 100, 50, 46.680259762211165, 59, 31, 0, 155125, 61821, 16
1000, 16, 10, 100, 50, 46.680259762211165, 51, 22, 0, 140036, 53173, 16
1000, 16, 10, 100, 50, 46.680259762211165, 63, 16, 0, 155691, 65759, 16
1000, 16, 10, 100, 50, 46.680259762211165, 61, 14, 0, 148363, 64343, 16
1000, 16, 10, 100, 50, 46.680259762211165, 57, 20, 0, 151225, 58823, 16
1000, 16, 10, 100, 50, 46.680259762211165, 62, 20, 0, 153760, 66090, 16
1000, 16, 10, 100, 50, 46.680259762211165, 73, 17, 0, 164013, 75561, 16
1000, 16, 10, 100, 50, 46.680259762211165, 61, 25, 0, 145177, 63671, 16
1000, 16, 10, 100, 50, 46.680259762211165, 54, 24, 0, 148976, 56698, 16
1000, 16, 10, 100, 50, 46.680259762211165, 63, 15, 0, 164309, 66280, 16
1000, 16, 10, 100, 50, 46.680259762211165, 66, 30, 0, 140979, 69027, 16
1000, 16, 10, 100, 50, 46.680259762211165, 53, 25, 0, 142191, 55161, 16
1000, 16, 10, 100, 50, 46.680259762211165, 52, 23, 0, 143003, 54440, 16
1000, 16, 10, 100, 50, 46.680259762211165, 53, 29, 0, 143926, 55959, 16
1000, 16, 10, 100, 50, 46.680259762211165, 60, 26, 0, 144180, 63095, 16
1000, 16, 10, 100, 50, 46.680259762211165, 50, 23, 0, 140110, 52716, 16
1000, 16, 10, 100, 50, 46.680259762211165, 55, 23, 0, 140455, 57721, 16
1000, 16, 10, 100, 50, 46.680259762211165, 74, 20, 0, 163148, 76651, 16
1000, 16, 10, 100, 50, 46.680259762211165, 64, 47, 0, 152992, 67256, 16
1000, 16, 10, 100, 50, 46.680259762211165, 72, 25, 0, 151804, 76022, 16
1000, 16, 10, 100, 50, 46.680259762211165, 76, 21, 0, 164526, 79724, 16
1000, 16, 10, 100, 50, 46.680259762211165, 70, 30, 0, 163076, 73174, 16
1000, 16, 10, 100, 50, 46.680259762211165, 56, 31, 0, 146223, 58156, 16
1000, 16, 10, 100, 50, 46.680259762211165, 63, 26, 0, 156448, 65919, 16
1000, 16, 10, 100, 50, 46.680259762211165, 61, 18, 0, 147440, 63475, 16
1000, 16, 10, 100, 50, 46.680259762211165, 66, 47, 0, 164307, 68818, 16
1000, 16, 10, 100, 50, 46.680259762211165, 63, 35, 0, 144034, 66429, 16
1000, 16, 10, 100, 50, 46.680259762211165, 63, 23, 0, 150455, 66082, 16
1000, 16, 10, 100, 50, 46.680259762211165, 59, 28, 0, 138971, 61171, 16
1000, 16, 10, 100, 50, 46.680259762211165, 69, 29, 0, 163741, 72287, 16
1000, 16, 10, 100, 50, 46.680259762211165, 54, 15, 0, 145189, 56875, 16
1000, 16, 10, 100, 50, 46.680259762211165, 55, 21, 0, 143385, 57247, 16
1000, 16, 10, 100, 50, 46.680259762211165, 80, 35, 0, 167611, 84144, 16
1000, 16, 10, 100, 50, 46.680259762211165, 68, 26, 0, 156101, 71140, 16
1000, 16, 10, 100, 50, 46.680259762211165, 59, 30, 0, 137567, 61883, 16
1000, 16, 10, 100, 50, 46.680259762211165, 64, 21, 0, 154587, 67239, 16
1000, 16, 10, 100, 50, 46.680259762211165, 69, 30, 0, 157185, 72619, 16
1000, 16, 10, 100, 50, 46.680259762211165, 81, 20, 0, 172921, 83948, 16
1000, 16, 10, 100, 50, 46.680259762211165, 57, 24, 0, 151253, 59687, 16
1000, 16, 10, 100, 50, 46.680259762211165, 70, 14, 0, 147550, 73034, 16
1000, 16, 10, 100, 50, 46.680259762211165, 74, 29, 0, 161534, 77035, 16
1000, 16, 10, 100, 50, 46.680259762211165, 59, 20, 0, 151455, 61609, 16
1000, 16, 10, 100, 50, 46.680259762211165, 53, 18, 0, 152804, 55847, 16
1000, 16, 10, 100, 50, 46.680259762211165, 50, 13, 0, 134756, 52725, 16
1000, 16, 10, 100, 50, 46.680259762211165, 61, 17, 0, 149263, 63947, 16
1000, 16, 10, 100, 50, 46.680259762211165, 68, 22, 0, 148751, 71438, 16
1000, 16, 10, 100, 50, 46.680259762211165, 79, 25, 0, 160180, 82281, 16
1000, 16, 10, 100, 50, 46.680259762211165, 58, 23, 0, 146687, 60489, 16
1000, 16, 10, 100, 50, 46.680259762211165, 66, 23, 0, 145796, 68847, 16
1000, 16, 10, 100, 50, 46.680259762211165, 47, 28, 0, 131975, 49226, 16
1000, 16, 10, 100, 50, 46.680259762211165, 53, 42, 0, 148224, 55278, 16
1000, 16, 10, 100, 50, 46.680259762211165, 70, 21, 0, 167549, 73218, 16
1000, 16, 10, 100, 50, 46.680259762211165, 61, 34, 0, 148357, 63389, 16
1000, 16, 10, 100, 50, 46.680259762211165, 54, 18, 0, 154792, 57134, 16
1000, 16, 10, 100, 50, 46.680259762211165, 52, 34, 0, 142733, 54352, 16
1000, 16, 10, 100, 50, 46.680259762211165, 88, 16, 0, 176797, 92238, 16
1000, 16, 10, 100, 50, 46.680259762211165, 59, 26, 0, 149379, 62067, 16
1000, 16, 10, 100, 50, 46.680259762211165, 61, 24, 0, 145310, 64090, 16
1000, 16, 10, 100, 50, 46.680259762211165, 58, 27, 0, 149039, 60343, 16
1000, 16, 10, 100, 50, 46.680259762211165, 60, 20, 0, 148484, 62108, 16
1000, 16, 10, 100, 50, 46.680259762211165, 56, 19, 0, 144029, 59073, 16
1000, 16, 10, 100, 50, 46.680259762211165, 76, 23, 0, 157575, 79162, 16
1000, 16, 10, 100, 50, 46.680259762211165, 69, 45, 0, 156822, 72058, 16
1000, 16, 10, 100, 50, 46.680259762211165, 57, 28, 0, 148939, 60101, 16
1000, 16, 10, 100, 50, 46.680259762211165, 55, 27, 0, 147101, 57668, 16
1000, 16, 10, 100, 50, 46.680259762211165, 67, 28, 0, 159891, 69789, 16
1000, 16, 10, 100, 50, 46.680259762211165, 56, 13, 0, 136285, 58845, 16
1000, 16, 10, 100, 50, 46.680259762211165, 76, 19, 0, 161910, 79201, 16
1000, 16, 10, 100, 50, 46.680259762211165, 63, 25, 0, 148257, 65783, 16
1000, 16, 10, 100, 50, 46.680259762211165, 70, 28, 0, 163387, 73275, 16
1000, 16, 10, 100, 50, 46.680259762211165, 64, 18, 0, 149014, 66786, 16
1000, 16, 10, 100, 50, 46.680259762211165, 53, 17, 0, 148419, 55742, 16
1000, 16, 10, 100, 50, 46.680259762211165, 63, 18, 0, 156903, 65631, 16
1000, 16, 10, 100, 50, 46.680259762211165, 66, 17, 0, 157917, 68975, 16
1000, 16, 10, 100, 50, 46.680259762211165, 71, 23, 0, 164077, 74554, 16
1000, 16, 10, 100, 50, 46.680259762211165, 75, 24, 0, 164341, 78196, 16
1000, 16, 10, 100, 50, 46.680259762211165, 61, 34, 0, 149840, 63369, 16
1000, 16, 10, 100, 50, 46.680259762211165, 67, 16, 0, 157144, 69966, 16
1000, 16, 10, 100, 50, 46.680259762211165, 56, 14, 0, 143600, 58560, 16
1000, 16, 10, 100, 50, 46.680259762211165, 80, 29, 0, 170369, 83466, 16
1000, 16, 10, 100, 50, 46.680259762211165, 66, 26, 0, 148301, 68627, 16
1000, 16, 10, 100, 50, 46.680259762211165, 63, 20, 0, 147507, 65531, 16
1000, 16, 10, 100, 50, 46.680259762211165, 51, 18, 0, 138967, 53365, 16
1000, 16, 10, 100, 50, 46.680259762211165, 67, 16, 0, 148372, 70141, 16
1000, 16, 10, 100, 50, 46.680259762211165, 65, 22, 0, 150374, 67744, 16
1000, 16, 10, 100, 50, 46.680259762211165, 82, 18, 0, 175018, 85724, 16
1000, 16, 10, 100, 50, 46.680259762211165, 68, 13, 0, 157544, 70766, 16
1000, 16, 10, 100, 50, 46.680259762211165, 73, 24, 0, 167626, 76311, 16
1000, 16, 10, 100, 50, 46.680259762211165, 77, 22, 0, 170226, 80256, 16
1000, 16, 10, 100, 50, 46.680259762211165, 54, 23, 0, 142616, 56396, 16
1000, 16, 10, 100, 50, 46.680259762211165, 65, 25, 0, 146096, 67632, 16
1000, 16, 10, 100, 50, 46.680259762211165, 69, 15, 0, 151425, 71790, 16
1000, 16, 10, 100, 50, 46.680259762211165, 54, 19, 0, 161769, 56303, 16
1000, 16, 10, 100, 50, 46.680259762211165, 56, 18, 0, 140530, 58991, 16
1000, 16, 10, 100, 50, 46.680259762211165, 64, 18, 0, 154796, 67140, 16
1000, 16, 10, 100, 50, 46.680259762211165, 61, 25, 0, 163405, 63548, 16
1000, 16, 10, 100, 50, 46.680259762211165, 62, 23, 0, 146792, 64749, 16
1000, 16, 10, 100, 50, 46.680259762211165, 75, 21, 0, 158748, 78573, 16
1000, 16, 10, 100, 50, 46.680259762211165, 56, 30, 0, 144650, 58626, 16
