


1, 200, 2.05, 0, 0, 0, 0, 0.0, 0.0, 0.0, 0, 0
2, 200, 4.01, 2, 5, 0, 1533, 0.0, 865.0, 0.0, 701430, 79
3, 200, 4.835, 5, 5, 0, 1935, 0.0, 865.0, 0.0, 211717, 194
4, 200, 4.995, 5, 5, 0, 1995, 0.0, 865.0, 0.0, 521133, 301
5, 200, 5.0, 5, 5, 0, 2000, 0.0, 865.0, 0.0, 537908, 375
6, 200, 5.0, 5, 5, 1, 2000, 9.0, 865.0, 1.0404624277456647, 1041484, 457
7, 200, 5.0, 5, 5, 1, 2000, 9.0, 865.0, 1.0404624277456647, 273775, 543
8, 200, 5.0, 5, 5, 1, 2000, 21.0, 865.0, 2.4277456647398843, 231263, 617
9, 200, 5.0, 5, 5, 1, 2000, 22.0, 865.0, 2.5433526011560694, 548004, 697
10, 200, 5.0, 5, 5, 2, 2000, 31.0, 865.0, 3.5838150289017343, 753988, 788
11, 200, 5.0, 5, 5, 2, 2000, 31.0, 865.0, 3.5838150289017343, 1610152, 872
12, 200, 5.0, 5, 5, 3, 2000, 42.0, 865.0, 4.855491329479769, 456620, 953
13, 200, 5.0, 5, 5, 3, 2000, 42.0, 865.0, 4.855491329479769, 945435, 1042
14, 200, 5.0, 5, 5, 4, 2000, 61.0, 865.0, 7.0520231213872835, 522484, 1115
15, 200, 5.0, 5, 5, 6, 2000, 81.0, 865.0, 9.364161849710982, 1335092, 1196
16, 200, 5.0, 5, 5, 8, 2000, 101.0, 865.0, 11.676300578034681, 619216, 1282
17, 200, 5.0, 5, 5, 9, 2000, 103.0, 865.0, 11.907514450867051, 559478, 1353
18, 200, 5.0, 5, 5, 11, 2000, 107.0, 865.0, 12.369942196531792, 1297364, 1426
19, 200, 5.0, 5, 5, 11, 2000, 116.0, 865.0, 13.410404624277456, 459001, 1483
20, 200, 5.0, 5, 5, 13, 2000, 128.0, 865.0, 14.797687861271678, 403079, 1545
21, 200, 5.0, 5, 5, 14, 2000, 131.0, 865.0, 15.144508670520231, 480987, 1598
22, 200, 5.0, 5, 5, 16, 2000, 142.0, 865.0, 16.416184971098264, 445182, 1646
23, 200, 5.0, 5, 5, 16, 2000, 143.0, 865.0, 16.53179190751445, 151688, 1694
24, 200, 5.0, 5, 5, 17, 2000, 144.0, 865.0, 16.647398843930635, 453572, 1738
25, 200, 5.0, 5, 5, 18, 2000, 150.0, 865.0, 17.341040462427745, 310815, 1792
26, 200, 5.0, 5, 5, 20, 2000, 158.0, 865.0, 18.265895953757223, 270375, 1840
27, 200, 5.0, 5, 5, 23, 2000, 175.0, 865.0, 20.23121387283237, 388192, 1896
28, 200, 5.0, 5, 5, 24, 2000, 186.0, 865.0, 21.502890173410407, 48888, 1939
29, 200, 5.0, 5, 5, 26, 2000, 226.0, 865.0, 26.1271676300578, 470811, 1982
30, 200, 5.0, 5, 5, 27, 2000, 248.0, 865.0, 28.670520231213874, 251362, 2024
31, 200, 5.0, 5, 5, 27, 2000, 249.0, 865.0, 28.78612716763006, 568070, 2061
32, 200, 5.0, 5, 5, 28, 2000, 342.0, 865.0, 39.53757225433526, 453683, 2091
33, 200, 5.0, 5, 5, 30, 2000, 360.0, 865.0, 41.61849710982659, 647309, 2135
34, 200, 5.0, 5, 5, 33, 2000, 387.0, 865.0, 44.73988439306358, 527578, 2178
35, 200, 5.0, 5, 5, 34, 2000, 389.0, 865.0, 44.971098265895954, 223835, 2201
36, 200, 5.0, 5, 5, 35, 2000, 411.0, 865.0, 47.51445086705202, 17669, 2234
37, 200, 5.0, 5, 5, 36, 2000, 412.0, 865.0, 47.630057803468205, 213030, 2260
38, 200, 5.0, 5, 5, 38, 2000, 444.0, 865.0, 51.32947976878612, 53781, 2292
39, 200, 5.0, 5, 5, 40, 2000, 458.0, 865.0, 52.947976878612714, 29385, 2315
40, 200, 5.0, 5, 5, 41, 2000, 469.0, 865.0, 54.21965317919075, 213263, 2334
41, 200, 5.0, 5, 5, 44, 2000, 493.0, 865.0, 56.99421965317919, 694382, 2364
42, 200, 5.0, 5, 5, 47, 2000, 507.0, 865.0, 58.61271676300578, 23763, 2384
43, 200, 5.0, 5, 5, 47, 2000, 508.0, 865.0, 58.72832369942197, 208906, 2401
44, 200, 5.0, 5, 5, 50, 2000, 534.0, 865.0, 61.73410404624278, 42128, 2430
45, 200, 5.0, 5, 5, 50, 2000, 535.0, 865.0, 61.849710982658955, 670274, 2458
46, 200, 5.0, 5, 5, 52, 2000, 548.0, 865.0, 63.35260115606937, 373395, 2481
47, 200, 5.0, 5, 5, 52, 2000, 549.0, 865.0, 63.46820809248555, 469742, 2495
48, 200, 5.0, 5, 5, 53, 2000, 552.0, 865.0, 63.8150289017341, 236533, 2514
49, 200, 5.0, 5, 5, 57, 2000, 614.0, 865.0, 70.98265895953757, 521119, 2542
50, 200, 5.0, 5, 5, 58, 2000, 624.0, 865.0, 72.13872832369943, 257514, 2566
51, 200, 5.0, 5, 5, 59, 2000, 636.0, 865.0, 73.52601156069363, 25, 2581
52, 200, 5.0, 5, 5, 62, 2000, 644.0, 865.0, 74.45086705202311, 73587, 2602
53, 200, 5.0, 5, 5, 64, 2000, 656.0, 865.0, 75.83815028901734, 15811, 2614
54, 200, 5.0, 5, 5, 65, 2000, 667.0, 865.0, 77.10982658959537, 261073, 2634
55, 200, 5.0, 5, 5, 67, 2000, 672.0, 865.0, 77.6878612716763, 3607, 2644
56, 200, 5.0, 5, 5, 68, 2000, 682.0, 865.0, 78.84393063583815, 220907, 2660
57, 200, 5.0, 5, 5, 69, 2000, 700.0, 865.0, 80.92485549132948, 240470, 2683
58, 200, 5.0, 5, 5, 70, 2000, 708.0, 865.0, 81.84971098265896, 4084, 2692
59, 200, 5.0, 5, 5, 72, 2000, 711.0, 865.0, 82.19653179190752, 461388, 2706
60, 200, 5.0, 5, 5, 72, 2000, 723.0, 865.0, 83.58381502890172, 4719, 2714
61, 200, 5.0, 5, 5, 74, 2000, 726.0, 865.0, 83.9306358381503, 231469, 2726
62, 200, 5.0, 5, 5, 75, 2000, 734.0, 865.0, 84.85549132947978, 219086, 2736
63, 200, 5.0, 5, 5, 77, 2000, 745.0, 865.0, 86.1271676300578, 413321, 2748
64, 200, 5.0, 5, 5, 78, 2000, 753.0, 865.0, 87.05202312138728, 255561, 2760
65, 200, 5.0, 5, 5, 79, 2000, 755.0, 865.0, 87.28323699421965, 50767, 2776
66, 200, 5.0, 5, 5, 80, 2000, 758.0, 865.0, 87.6300578034682, 199245, 2782
67, 200, 5.0, 5, 5, 80, 2000, 759.0, 865.0, 87.74566473988439, 4084, 2789
68, 200, 5.0, 5, 5, 81, 2000, 760.0, 865.0, 87.86127167630057, 224, 2793
69, 200, 5.0, 5, 5, 82, 2000, 763.0, 865.0, 88.20809248554913, 219076, 2797
70, 200, 5.0, 5, 5, 82, 2000, 764.0, 865.0, 88.32369942196532, 149, 2801
71, 200, 5.0, 5, 5, 83, 2000, 766.0, 865.0, 88.55491329479769, 4837, 2808
72, 200, 5.0, 5, 5, 84, 2000, 768.0, 865.0, 88.78612716763006, 31013, 2817
73, 200, 5.0, 5, 5, 84, 2000, 770.0, 865.0, 89.01734104046243, 42133, 2825
74, 200, 5.0, 5, 5, 86, 2000, 782.0, 865.0, 90.40462427745665, 421080, 2837
75, 200, 5.0, 5, 5, 87, 2000, 786.0, 865.0, 90.86705202312139, 220887, 2846
76, 200, 5.0, 5, 5, 87, 2000, 786.0, 865.0, 90.86705202312139, 11, 2853
77, 200, 5.0, 5, 5, 88, 2000, 788.0, 865.0, 91.09826589595376, 7, 2859
78, 200, 5.0, 5, 5, 89, 2000, 789.0, 865.0, 91.21387283236994, 201854, 2864
79, 200, 5.0, 5, 5, 89, 2000, 789.0, 865.0, 91.21387283236994, 624904, 2874
80, 200, 5.0, 5, 5, 89, 2000, 789.0, 865.0, 91.21387283236994, 254728, 2882
81, 200, 5.0, 5, 5, 89, 2000, 789.0, 865.0, 91.21387283236994, 197916, 2890
82, 200, 5.0, 5, 5, 89, 2000, 789.0, 865.0, 91.21387283236994, 19034, 2895
83, 200, 5.0, 5, 5, 90, 2000, 791.0, 865.0, 91.44508670520231, 19036, 2900
84, 200, 5.0, 5, 5, 90, 2000, 794.0, 865.0, 91.79190751445087, 25456, 2907
85, 200, 5.0, 5, 5, 91, 2000, 795.0, 865.0, 91.90751445086705, 267638, 2914
86, 200, 5.0, 5, 5, 91, 2000, 804.0, 865.0, 92.94797687861272, 197783, 2919
87, 200, 5.0, 5, 5, 91, 2000, 804.0, 865.0, 92.94797687861272, 6, 2922
88, 200, 5.0, 5, 5, 92, 2000, 805.0, 865.0, 93.0635838150289, 1472, 2925
89, 200, 5.0, 5, 5, 92, 2000, 805.0, 865.0, 93.0635838150289, 31592, 2932
90, 200, 5.0, 5, 5, 92, 2000, 805.0, 865.0, 93.0635838150289, 4069, 2935
91, 200, 5.0, 5, 5, 92, 2000, 806.0, 865.0, 93.17919075144509, 19034, 2938
92, 200, 5.0, 5, 5, 93, 2000, 807.0, 865.0, 93.29479768786128, 19035, 2944
93, 200, 5.0, 5, 5, 93, 2000, 807.0, 865.0, 93.29479768786128, 50613, 2950
94, 200, 5.0, 5, 5, 94, 2000, 810.0, 865.0, 93.64161849710982, 199222, 2954
95, 200, 5.0, 5, 5, 94, 2000, 810.0, 865.0, 93.64161849710982, 0, 2954
96, 200, 5.0, 5, 5, 94, 2000, 810.0, 865.0, 93.64161849710982, 19036, 2957
97, 200, 5.0, 5, 5, 94, 2000, 813.0, 865.0, 93.98843930635839, 212953, 2961
98, 200, 5.0, 5, 5, 94, 2000, 813.0, 865.0, 93.98843930635839, 6137, 2963
99, 200, 5.0, 5, 5, 94, 2000, 813.0, 865.0, 93.98843930635839, 5, 2963
100, 200, 5.0, 5, 5, 95, 2000, 839.0, 865.0, 96.99421965317919, 333301, 2967
101, 200, 5.0, 5, 5, 95, 2000, 839.0, 865.0, 96.99421965317919, 3, 2972
102, 200, 5.0, 5, 5, 95, 2000, 840.0, 865.0, 97.10982658959537, 1, 2974
103, 200, 5.0, 5, 5, 96, 2000, 842.0, 865.0, 97.34104046242774, 63975, 2978
104, 200, 5.0, 5, 5, 96, 2000, 843.0, 865.0, 97.45664739884393, 38068, 2983
105, 200, 5.0, 5, 5, 96, 2000, 843.0, 865.0, 97.45664739884393, 19033, 2984
106, 200, 5.0, 5, 5, 96, 2000, 843.0, 865.0, 97.45664739884393, 23111, 2987
107, 200, 5.0, 5, 5, 97, 2000, 844.0, 865.0, 97.57225433526011, 19040, 2990
108, 200, 5.0, 5, 5, 97, 2000, 844.0, 865.0, 97.57225433526011, 197777, 2992
109, 200, 5.0, 5, 5, 97, 2000, 845.0, 865.0, 97.6878612716763, 56854, 2995
110, 200, 5.0, 5, 5, 97, 2000, 845.0, 865.0, 97.6878612716763, 5, 2997
111, 200, 5.0, 5, 5, 97, 2000, 845.0, 865.0, 97.6878612716763, 216805, 3002
112, 200, 5.0, 5, 5, 97, 2000, 845.0, 865.0, 97.6878612716763, 31609, 3007
113, 200, 5.0, 5, 5, 97, 2000, 845.0, 865.0, 97.6878612716763, 224953, 3012
114, 200, 5.0, 5, 5, 97, 2000, 845.0, 865.0, 97.6878612716763, 414580, 3018
115, 200, 5.0, 5, 5, 97, 2000, 845.0, 865.0, 97.6878612716763, 197775, 3021
116, 200, 5.0, 5, 5, 97, 2000, 845.0, 865.0, 97.6878612716763, 414581, 3030
117, 200, 5.0, 5, 5, 97, 2000, 845.0, 865.0, 97.6878612716763, 8, 3034
118, 200, 5.0, 5, 5, 97, 2000, 845.0, 865.0, 97.6878612716763, 197773, 3036
119, 200, 5.0, 5, 5, 97, 2000, 845.0, 865.0, 97.6878612716763, 216806, 3040
120, 200, 5.0, 5, 5, 97, 2000, 845.0, 865.0, 97.6878612716763, 399622, 3044
121, 200, 5.0, 5, 5, 98, 2000, 846.0, 865.0, 97.80346820809248, 229354, 3047
122, 200, 5.0, 5, 5, 98, 2000, 846.0, 865.0, 97.80346820809248, 19037, 3049
123, 200, 5.0, 5, 5, 98, 2000, 846.0, 865.0, 97.80346820809248, 216807, 3052
124, 200, 5.0, 5, 5, 98, 2000, 846.0, 865.0, 97.80346820809248, 216808, 3055
125, 200, 5.0, 5, 5, 98, 2000, 846.0, 865.0, 97.80346820809248, 2, 3056
126, 200, 5.0, 5, 5, 98, 2000, 846.0, 865.0, 97.80346820809248, 31581, 3059
127, 200, 5.0, 5, 5, 98, 2000, 846.0, 865.0, 97.80346820809248, 197775, 3063
128, 200, 5.0, 5, 5, 98, 2000, 846.0, 865.0, 97.80346820809248, 31580, 3064
129, 200, 5.0, 5, 5, 98, 2000, 846.0, 865.0, 97.80346820809248, 4823, 3066
130, 200, 5.0, 5, 5, 98, 2000, 846.0, 865.0, 97.80346820809248, 248383, 3071
131, 200, 5.0, 5, 5, 98, 2000, 846.0, 865.0, 97.80346820809248, 19032, 3073
132, 200, 5.0, 5, 5, 98, 2000, 846.0, 865.0, 97.80346820809248, 7, 3076
133, 200, 5.0, 5, 5, 98, 2000, 846.0, 865.0, 97.80346820809248, 1, 3076
134, 200, 5.0, 5, 5, 98, 2000, 846.0, 865.0, 97.80346820809248, 31579, 3078
135, 200, 5.0, 5, 5, 98, 2000, 846.0, 865.0, 97.80346820809248, 31582, 3080
136, 200, 5.0, 5, 5, 98, 2000, 848.0, 865.0, 98.03468208092485, 24553, 3085
137, 200, 5.0, 5, 5, 98, 2000, 848.0, 865.0, 98.03468208092485, 4079, 3087
138, 200, 5.0, 5, 5, 98, 2000, 848.0, 865.0, 98.03468208092485, 201849, 3090
139, 200, 5.0, 5, 5, 98, 2000, 848.0, 865.0, 98.03468208092485, 197773, 3092
140, 200, 5.0, 5, 5, 99, 2000, 863.0, 865.0, 99.76878612716763, 333297, 3095
141, 200, 5.0, 5, 5, 99, 2000, 863.0, 865.0, 99.76878612716763, 2, 3096
142, 200, 5.0, 5, 5, 99, 2000, 863.0, 865.0, 99.76878612716763, 0, 3096
143, 200, 5.0, 5, 5, 99, 2000, 863.0, 865.0, 99.76878612716763, 19031, 3098
144, 200, 5.0, 5, 5, 99, 2000, 863.0, 865.0, 99.76878612716763, 216806, 3104
145, 200, 5.0, 5, 5, 99, 2000, 863.0, 865.0, 99.76878612716763, 220880, 3108
146, 200, 5.0, 5, 5, 99, 2000, 864.0, 865.0, 99.88439306358381, 12082, 3111
147, 200, 5.0, 5, 5, 99, 2000, 864.0, 865.0, 99.88439306358381, 73723, 3116
148, 200, 5.0, 5, 5, 99, 2000, 864.0, 865.0, 99.88439306358381, 0, 3116
149, 200, 5.0, 5, 5, 99, 2000, 864.0, 865.0, 99.88439306358381, 4, 3117
150, 200, 5.0, 5, 5, 99, 2000, 864.0, 865.0, 99.88439306358381, 197775, 3120
151, 200, 5.0, 5, 5, 99, 2000, 864.0, 865.0, 99.88439306358381, 19034, 3121
152, 200, 5.0, 5, 5, 99, 2000, 864.0, 865.0, 99.88439306358381, 4076, 3122
153, 200, 5.0, 5, 5, 99, 2000, 864.0, 865.0, 99.88439306358381, 19032, 3124
154, 200, 5.0, 5, 5, 99, 2000, 864.0, 865.0, 99.88439306358381, 27181, 3129
155, 200, 5.0, 5, 5, 99, 2000, 864.0, 865.0, 99.88439306358381, 0, 3131
156, 200, 5.0, 5, 5, 99, 2000, 864.0, 865.0, 99.88439306358381, 197773, 3133
157, 200, 5.0, 5, 5, 99, 2000, 864.0, 865.0, 99.88439306358381, 2, 3135
158, 200, 5.0, 5, 5, 99, 2000, 864.0, 865.0, 99.88439306358381, 1, 3138
159, 200, 5.0, 5, 5, 99, 2000, 864.0, 865.0, 99.88439306358381, 4075, 3139
160, 200, 5.0, 5, 5, 99, 2000, 864.0, 865.0, 99.88439306358381, 5, 3141
161, 200, 5.0, 5, 5, 99, 2000, 864.0, 865.0, 99.88439306358381, 0, 3141
162, 200, 5.0, 5, 5, 99, 2000, 864.0, 865.0, 99.88439306358381, 239910, 3147
163, 200, 5.0, 5, 5, 99, 2000, 864.0, 865.0, 99.88439306358381, 1, 3147
164, 200, 5.0, 5, 5, 99, 2000, 864.0, 865.0, 99.88439306358381, 197775, 3150
165, 200, 5.0, 5, 5, 99, 2000, 864.0, 865.0, 99.88439306358381, 235839, 3153
166, 200, 5.0, 5, 5, 99, 2000, 864.0, 865.0, 99.88439306358381, 38064, 3155
167, 200, 5.0, 5, 5, 99, 2000, 864.0, 865.0, 99.88439306358381, 197774, 3158
168, 200, 5.0, 5, 5, 99, 2000, 864.0, 865.0, 99.88439306358381, 4, 3161
169, 200, 5.0, 5, 5, 99, 2000, 864.0, 865.0, 99.88439306358381, 197772, 3163
170, 200, 5.0, 5, 5, 99, 2000, 864.0, 865.0, 99.88439306358381, 9, 3167
171, 200, 5.0, 5, 5, 99, 2000, 864.0, 865.0, 99.88439306358381, 31580, 3170
172, 200, 5.0, 5, 5, 99, 2000, 864.0, 865.0, 99.88439306358381, 216807, 3172
173, 200, 5.0, 5, 5, 99, 2000, 864.0, 865.0, 99.88439306358381, 2, 3174
174, 200, 5.0, 5, 5, 99, 2000, 864.0, 865.0, 99.88439306358381, 19035, 3175
175, 200, 5.0, 5, 5, 99, 2000, 864.0, 865.0, 99.88439306358381, 19034, 3178
176, 200, 5.0, 5, 5, 99, 2000, 864.0, 865.0, 99.88439306358381, 31583, 3181
177, 200, 5.0, 5, 5, 99, 2000, 864.0, 865.0, 99.88439306358381, 216807, 3183
178, 200, 5.0, 5, 5, 99, 2000, 864.0, 865.0, 99.88439306358381, 31581, 3184
179, 200, 5.0, 5, 5, 99, 2000, 864.0, 865.0, 99.88439306358381, 197774, 3185
180, 200, 5.0, 5, 5, 99, 2000, 864.0, 865.0, 99.88439306358381, 19031, 3186
181, 200, 5.0, 5, 5, 99, 2000, 864.0, 865.0, 99.88439306358381, 31579, 3189
182, 200, 5.0, 5, 5, 99, 2000, 864.0, 865.0, 99.88439306358381, 2, 3193
183, 200, 5.0, 5, 5, 99, 2000, 864.0, 865.0, 99.88439306358381, 1, 3195
184, 200, 5.0, 5, 5, 99, 2000, 864.0, 865.0, 99.88439306358381, 216805, 3197
185, 200, 5.0, 5, 5, 99, 2000, 864.0, 865.0, 99.88439306358381, 19033, 3198
186, 200, 5.0, 5, 5, 99, 2000, 864.0, 865.0, 99.88439306358381, 0, 3199
187, 200, 5.0, 5, 5, 99, 2000, 864.0, 865.0, 99.88439306358381, 19036, 3202
188, 200, 5.0, 5, 5, 99, 2000, 864.0, 865.0, 99.88439306358381, 395548, 3208
189, 200, 5.0, 5, 5, 99, 2000, 864.0, 865.0, 99.88439306358381, 2, 3209
190, 200, 5.0, 5, 5, 99, 2000, 864.0, 865.0, 99.88439306358381, 5, 3211
191, 200, 5.0, 5, 5, 99, 2000, 864.0, 865.0, 99.88439306358381, 19033, 3213
192, 200, 5.0, 5, 5, 99, 2000, 864.0, 865.0, 99.88439306358381, 414576, 3218
193, 200, 5.0, 5, 5, 99, 2000, 864.0, 865.0, 99.88439306358381, 31578, 3221
194, 200, 5.0, 5, 5, 99, 2000, 864.0, 865.0, 99.88439306358381, 197772, 3222
195, 200, 5.0, 5, 5, 99, 2000, 864.0, 865.0, 99.88439306358381, 2, 3223
196, 200, 5.0, 5, 5, 99, 2000, 864.0, 865.0, 99.88439306358381, 7, 3224
197, 200, 5.0, 5, 5, 99, 2000, 864.0, 865.0, 99.88439306358381, 2, 3224
198, 200, 5.0, 5, 5, 99, 2000, 864.0, 865.0, 99.88439306358381, 197775, 3225
199, 200, 5.0, 5, 5, 99, 2000, 864.0, 865.0, 99.88439306358381, 216808, 3227
