1000, 8, 10, 100, 50, 93.46173465233007, 102, 34, 11, 201, 2228, 8
1000, 8, 10, 100, 50, 93.46173465233007, 110, 13, 21, 257, 2453, 8
1000, 8, 10, 100, 50, 93.46173465233007, 89, 29, 24, 187, 1965, 8
1000, 8, 10, 100, 50, 93.46173465233007, 109, 36, 17, 178, 2362, 8
1000, 8, 10, 100, 50, 93.46173465233007, 90, 27, 35, 154, 1960, 8
1000, 8, 10, 100, 50, 93.46173465233007, 72, 22, 28, 160, 1595, 8
1000, 8, 10, 100, 50, 93.46173465233007, 126, 20, 22, 295, 2805, 8
1000, 8, 10, 100, 50, 93.46173465233007, 104, 25, 25, 222, 2297, 8
1000, 8, 10, 100, 50, 93.46173465233007, 133, 26, 14, 263, 2918, 8
1000, 8, 10, 100, 50, 93.46173465233007, 88, 23, 28, 139, 1902, 8
1000, 8, 10, 100, 50, 93.46173465233007, 121, 11, 13, 299, 2714, 8
1000, 8, 10, 100, 50, 93.46173465233007, 116, 12, 27, 257, 2578, 8
1000, 8, 10, 100, 50, 93.46173465233007, 111, 16, 10, 207, 2415, 8
1000, 8, 10, 100, 50, 93.46173465233007, 109, 17, 20, 254, 2420, 8
1000, 8, 10, 100, 50, 93.46173465233007, 101, 22, 20, 232, 2240, 8
1000, 8, 10, 100, 50, 93.46173465233007, 95, 46, 19, 107, 2004, 8
1000, 8, 10, 100, 50, 93.46173465233007, 93, 33, 28, 200, 2060, 8
1000, 8, 10, 100, 50, 93.46173465233007, 120, 36, 27, 193, 2593, 8
1000, 8, 10, 100, 50, 93.46173465233007, 145, 20, 23, 255, 3139, 8
1000, 8, 10, 100, 50, 93.46173465233007, 131, 25, 14, 234, 2863, 8
1000, 8, 10, 100, 50, 93.46173465233007, 127, 8, 22, 307, 2825, 8
1000, 8, 10, 100, 50, 93.46173465233007, 107, 20, 35, 260, 2404, 8
1000, 8, 10, 100, 50, 93.46173465233007, 102, 26, 26, 195, 2235, 8
1000, 8, 10, 100, 50, 93.46173465233007, 87, 21, 28, 213, 1960, 8
1000, 8, 10, 100, 50, 93.46173465233007, 85, 20, 17, 156, 1855, 8
1000, 8, 10, 100, 50, 93.46173465233007, 80, 26, 10, 183, 1792, 8
1000, 8, 10, 100, 50, 93.46173465233007, 102, 17, 17, 247, 2268, 8
1000, 8, 10, 100, 50, 93.46173465233007, 122, 24, 16, 230, 2678, 8
1000, 8, 10, 100, 50, 93.46173465233007, 80, 29, 25, 126, 1717, 8
1000, 8, 10, 100, 50, 93.46173465233007, 90, 25, 25, 175, 1964, 8
1000, 8, 10, 100, 50, 93.46173465233007, 91, 12, 13, 214, 2018, 8
1000, 8, 10, 100, 50, 93.46173465233007, 115, 18, 21, 237, 2522, 8
1000, 8, 10, 100, 50, 93.46173465233007, 96, 15, 19, 228, 2138, 8
1000, 8, 10, 100, 50, 93.46173465233007, 94, 32, 22, 194, 2070, 8
1000, 8, 10, 100, 50, 93.46173465233007, 126, 15, 11, 228, 2736, 8
1000, 8, 10, 100, 50, 93.46173465233007, 117, 73, 21, 164, 2506, 8
1000, 8, 10, 100, 50, 93.46173465233007, 96, 11, 15, 224, 2133, 8
1000, 8, 10, 100, 50, 93.46173465233007, 99, 13, 16, 206, 2172, 8
1000, 8, 10, 100, 50, 93.46173465233007, 98, 54, 14, 161, 2117, 8
1000, 8, 10, 100, 50, 93.46173465233007, 126, 30, 25, 226, 2736, 8
1000, 8, 10, 100, 50, 93.46173465233007, 109, 12, 14, 240, 2416, 8
1000, 8, 10, 100, 50, 93.46173465233007, 119, 24, 14, 234, 2608, 8
1000, 8, 10, 100, 50, 93.46173465233007, 141, 20, 20, 270, 3075, 8
1000, 8, 10, 100, 50, 93.46173465233007, 105, 14, 31, 275, 2349, 8
1000, 8, 10, 100, 50, 93.46173465233007, 106, 13, 22, 210, 2324, 8
1000, 8, 10, 100, 50, 93.46173465233007, 103, 21, 29, 185, 2240, 8
1000, 8, 10, 100, 50, 93.46173465233007, 149, 25, 17, 290, 3273, 8
1000, 8, 10, 100, 50, 93.46173465233007, 108, 17, 26, 193, 2353, 8
1000, 8, 10, 100, 50, 93.46173465233007, 113, 11, 17, 275, 2526, 8
1000, 8, 10, 100, 50, 93.46173465233007, 119, 77, 30, 172, 2564, 8
1000, 8, 10, 100, 50, 93.46173465233007, 90, 14, 35, 247, 2051, 8
1000, 8, 10, 100, 50, 93.46173465233007, 107, 47, 9, 137, 2287, 8
1000, 8, 10, 100, 50, 93.46173465233007, 100, 33, 29, 219, 2210, 8
1000, 8, 10, 100, 50, 93.46173465233007, 108, 18, 25, 219, 2375, 8
1000, 8, 10, 100, 50, 93.46173465233007, 106, 29, 22, 218, 2333, 8
1000, 8, 10, 100, 50, 93.46173465233007, 107, 25, 24, 213, 2358, 8
1000, 8, 10, 100, 50, 93.46173465233007, 113, 46, 9, 265, 2521, 8
1000, 8, 10, 100, 50, 93.46173465233007, 112, 15, 18, 230, 2462, 8
1000, 8, 10, 100, 50, 93.46173465233007, 90, 14, 31, 217, 2012, 8
1000, 8, 10, 100, 50, 93.46173465233007, 101, 54, 12, 224, 2246, 8
1000, 8, 10, 100, 50, 93.46173465233007, 106, 9, 11, 264, 2360, 8
1000, 8, 10, 100, 50, 93.46173465233007, 90, 32, 29, 226, 2011, 8
1000, 8, 10, 100, 50, 93.46173465233007, 104, 15, 28, 185, 2258, 8
1000, 8, 10, 100, 50, 93.46173465233007, 140, 26, 16, 281, 3085, 8
1000, 8, 10, 100, 50, 93.46173465233007, 129, 12, 12, 319, 2901, 8
1000, 8, 10, 100, 50, 93.46173465233007, 153, 26, 33, 324, 3377, 8
1000, 8, 10, 100, 50, 93.46173465233007, 92, 52, 6, 157, 2016, 8
1000, 8, 10, 100, 50, 93.46173465233007, 102, 25, 17, 186, 2229, 8
1000, 8, 10, 100, 50, 93.46173465233007, 111, 46, 27, 165, 2390, 8
1000, 8, 10, 100, 50, 93.46173465233007, 109, 92, 25, 146, 2332, 8
1000, 8, 10, 100, 50, 93.46173465233007, 103, 22, 22, 218, 2264, 8
1000, 8, 10, 100, 50, 93.46173465233007, 80, 23, 23, 168, 1765, 8
1000, 8, 10, 100, 50, 93.46173465233007, 94, 29, 25, 224, 2108, 8
1000, 8, 10, 100, 50, 93.46173465233007, 91, 18, 10, 176, 1995, 8
1000, 8, 10, 100, 50, 93.46173465233007, 117, 19, 24, 204, 2538, 8
1000, 8, 10, 100, 50, 93.46173465233007, 103, 42, 21, 192, 2259, 8
1000, 8, 10, 100, 50, 93.46173465233007, 99, 16, 26, 225, 2205, 8
1000, 8, 10, 100, 50, 93.46173465233007, 89, 32, 33, 200, 1967, 8
1000, 8, 10, 100, 50, 93.46173465233007, 101, 26, 14, 205, 2233, 8
1000, 8, 10, 100, 50, 93.46173465233007, 109, 18, 26, 212, 2373, 8
1000, 8, 10, 100, 50, 93.46173465233007, 76, 29, 29, 143, 1677, 8
1000, 8, 10, 100, 50, 93.46173465233007, 115, 13, 18, 253, 2547, 8
1000, 8, 10, 100, 50, 93.46173465233007, 94, 26, 7, 206, 2096, 8
1000, 8, 10, 100, 50, 93.46173465233007, 102, 14, 13, 168, 2204, 8
1000, 8, 10, 100, 50, 93.46173465233007, 115, 10, 14, 189, 2495, 8
1000, 8, 10, 100, 50, 93.46173465233007, 96, 22, 23, 177, 2078, 8
1000, 8, 10, 100, 50, 93.46173465233007, 121, 15, 19, 258, 2671, 8
1000, 8, 10, 100, 50, 93.46173465233007, 125, 41, 27, 214, 2722, 8
1000, 8, 10, 100, 50, 93.46173465233007, 100, 12, 11, 228, 2214, 8
1000, 8, 10, 100, 50, 93.46173465233007, 89, 16, 15, 211, 1990, 8
1000, 8, 10, 100, 50, 93.46173465233007, 107, 86, 24, 141, 2292, 8
1000, 8, 10, 100, 50, 93.46173465233007, 104, 17, 17, 226, 2297, 8
1000, 8, 10, 100, 50, 93.46173465233007, 138, 20, 13, 303, 3067, 8
1000, 8, 10, 100, 50, 93.46173465233007, 90, 22, 24, 206, 1995, 8
1000, 8, 10, 100, 50, 93.46173465233007, 118, 43, 9, 242, 2608, 8
1000, 8, 10, 100, 50, 93.46173465233007, 95, 40, 30, 183, 2093, 8
1000, 8, 10, 100, 50, 93.46173465233007, 137, 14, 23, 275, 2995, 8
1000, 8, 10, 100, 50, 93.46173465233007, 105, 27, 11, 183, 2283, 8
1000, 8, 10, 100, 50, 93.46173465233007, 104, 22, 23, 223, 2308, 8
1000, 8, 10, 100, 50, 93.46173465233007, 107, 71, 37, 153, 2285, 8
