1000, 4, 10, 100, 50, 187.02407306215326, 221, 45, 13, 112, 4516, 4
1000, 4, 10, 100, 50, 187.02407306215326, 174, 35, 39, 106, 3580, 4
1000, 4, 10, 100, 50, 187.02407306215326, 205, 33, 36, 105, 4184, 4
1000, 4, 10, 100, 50, 187.02407306215326, 244, 47, 20, 153, 5017, 4
1000, 4, 10, 100, 50, 187.02407306215326, 206, 22, 26, 115, 4217, 4
1000, 4, 10, 100, 50, 187.02407306215326, 189, 42, 82, 85, 3860, 4
1000, 4, 10, 100, 50, 187.02407306215326, 195, 42, 14, 63, 3977, 4
1000, 4, 10, 100, 50, 187.02407306215326, 224, 26, 25, 83, 4562, 4
1000, 4, 10, 100, 50, 187.02407306215326, 180, 69, 15, 69, 3654, 4
1000, 4, 10, 100, 50, 187.02407306215326, 221, 66, 17, 83, 4493, 4
1000, 4, 10, 100, 50, 187.02407306215326, 192, 70, 48, 85, 3918, 4
1000, 4, 10, 100, 50, 187.02407306215326, 181, 17, 9, 120, 3725, 4
1000, 4, 10, 100, 50, 187.02407306215326, 220, 44, 116, 75, 4463, 4
1000, 4, 10, 100, 50, 187.02407306215326, 207, 16, 23, 100, 4227, 4
1000, 4, 10, 100, 50, 187.02407306215326, 230, 68, 35, 118, 4708, 4
1000, 4, 10, 100, 50, 187.02407306215326, 205, 89, 25, 104, 4200, 4
1000, 4, 10, 100, 50, 187.02407306215326, 212, 17, 18, 116, 4347, 4
1000, 4, 10, 100, 50, 187.02407306215326, 164, 41, 30, 75, 3349, 4
1000, 4, 10, 100, 50, 187.02407306215326, 198, 35, 37, 119, 4074, 4
1000, 4, 10, 100, 50, 187.02407306215326, 227, 51, 34, 95, 4617, 4
1000, 4, 10, 100, 50, 187.02407306215326, 180, 38, 37, 66, 3665, 4
1000, 4, 10, 100, 50, 187.02407306215326, 189, 113, 62, 60, 3833, 4
1000, 4, 10, 100, 50, 187.02407306215326, 235, 56, 77, 103, 4795, 4
1000, 4, 10, 100, 50, 187.02407306215326, 183, 25, 31, 90, 3749, 4
1000, 4, 10, 100, 50, 187.02407306215326, 235, 31, 61, 131, 4825, 4
1000, 4, 10, 100, 50, 187.02407306215326, 184, 37, 18, 122, 3790, 4
1000, 4, 10, 100, 50, 187.02407306215326, 206, 79, 54, 91, 4198, 4
1000, 4, 10, 100, 50, 187.02407306215326, 174, 97, 27, 63, 3526, 4
1000, 4, 10, 100, 50, 187.02407306215326, 222, 26, 30, 141, 4577, 4
1000, 4, 10, 100, 50, 187.02407306215326, 199, 44, 25, 85, 4074, 4
1000, 4, 10, 100, 50, 187.02407306215326, 283, 30, 39, 140, 5792, 4
1000, 4, 10, 100, 50, 187.02407306215326, 191, 64, 70, 100, 3918, 4
1000, 4, 10, 100, 50, 187.02407306215326, 202, 37, 28, 72, 4100, 4
1000, 4, 10, 100, 50, 187.02407306215326, 220, 80, 46, 88, 4491, 4
1000, 4, 10, 100, 50, 187.02407306215326, 233, 35, 26, 143, 4789, 4
1000, 4, 10, 100, 50, 187.02407306215326, 217, 48, 59, 133, 4471, 4
1000, 4, 10, 100, 50, 187.02407306215326, 234, 32, 24, 97, 4761, 4
1000, 4, 10, 100, 50, 187.02407306215326, 212, 31, 12, 103, 4328, 4
1000, 4, 10, 100, 50, 187.02407306215326, 219, 40, 38, 118, 4485, 4
1000, 4, 10, 100, 50, 187.02407306215326, 243, 54, 29, 122, 4971, 4
1000, 4, 10, 100, 50, 187.02407306215326, 229, 24, 7, 96, 4671, 4
1000, 4, 10, 100, 50, 187.02407306215326, 228, 56, 37, 88, 4650, 4
1000, 4, 10, 100, 50, 187.02407306215326, 249, 52, 77, 90, 5068, 4
1000, 4, 10, 100, 50, 187.02407306215326, 162, 45, 57, 89, 3325, 4
1000, 4, 10, 100, 50, 187.02407306215326, 203, 57, 31, 89, 4133, 4
1000, 4, 10, 100, 50, 187.02407306215326, 224, 42, 53, 122, 4583, 4
1000, 4, 10, 100, 50, 187.02407306215326, 200, 40, 34, 103, 4085, 4
1000, 4, 10, 100, 50, 187.02407306215326, 195, 29, 30, 113, 4000, 4
1000, 4, 10, 100, 50, 187.02407306215326, 205, 139, 56, 72, 4179, 4
1000, 4, 10, 100, 50, 187.02407306215326, 186, 107, 18, 105, 3828, 4
1000, 4, 10, 100, 50, 187.02407306215326, 285, 72, 42, 137, 5826, 4
1000, 4, 10, 100, 50, 187.02407306215326, 191, 75, 72, 82, 3903, 4
1000, 4, 10, 100, 50, 187.02407306215326, 230, 16, 14, 112, 4704, 4
1000, 4, 10, 100, 50, 187.02407306215326, 195, 24, 13, 77, 3987, 4
1000, 4, 10, 100, 50, 187.02407306215326, 186, 33, 7, 92, 3792, 4
1000, 4, 10, 100, 50, 187.02407306215326, 296, 44, 49, 170, 6084, 4
1000, 4, 10, 100, 50, 187.02407306215326, 265, 55, 93, 102, 5399, 4
1000, 4, 10, 100, 50, 187.02407306215326, 178, 52, 31, 87, 3635, 4
1000, 4, 10, 100, 50, 187.02407306215326, 187, 56, 61, 66, 3806, 4
1000, 4, 10, 100, 50, 187.02407306215326, 181, 71, 111, 65, 3673, 4
1000, 4, 10, 100, 50, 187.02407306215326, 221, 125, 61, 111, 4525, 4
1000, 4, 10, 100, 50, 187.02407306215326, 186, 26, 30, 81, 3800, 4
1000, 4, 10, 100, 50, 187.02407306215326, 203, 34, 25, 62, 4124, 4
1000, 4, 10, 100, 50, 187.02407306215326, 178, 14, 14, 96, 3644, 4
1000, 4, 10, 100, 50, 187.02407306215326, 187, 21, 37, 129, 3857, 4
1000, 4, 10, 100, 50, 187.02407306215326, 176, 48, 23, 98, 3610, 4
1000, 4, 10, 100, 50, 187.02407306215326, 212, 18, 25, 105, 4337, 4
1000, 4, 10, 100, 50, 187.02407306215326, 262, 74, 92, 118, 5340, 4
1000, 4, 10, 100, 50, 187.02407306215326, 232, 37, 57, 129, 4760, 4
1000, 4, 10, 100, 50, 187.02407306215326, 197, 44, 35, 113, 4039, 4
1000, 4, 10, 100, 50, 187.02407306215326, 200, 85, 26, 93, 4097, 4
1000, 4, 10, 100, 50, 187.02407306215326, 162, 19, 32, 83, 3304, 4
1000, 4, 10, 100, 50, 187.02407306215326, 222, 94, 26, 115, 4551, 4
1000, 4, 10, 100, 50, 187.02407306215326, 185, 40, 35, 131, 3802, 4
1000, 4, 10, 100, 50, 187.02407306215326, 217, 30, 33, 86, 4434, 4
1000, 4, 10, 100, 50, 187.02407306215326, 209, 81, 11, 96, 4288, 4
1000, 4, 10, 100, 50, 187.02407306215326, 257, 37, 75, 109, 5234, 4
1000, 4, 10, 100, 50, 187.02407306215326, 172, 74, 78, 60, 3476, 4
1000, 4, 10, 100, 50, 187.02407306215326, 370, 24, 16, 215, 7595, 4
1000, 4, 10, 100, 50, 187.02407306215326, 187, 62, 19, 103, 3841, 4
1000, 4, 10, 100, 50, 187.02407306215326, 232, 36, 36, 139, 4772, 4
1000, 4, 10, 100, 50, 187.02407306215326, 251, 92, 16, 116, 5134, 4
1000, 4, 10, 100, 50, 187.02407306215326, 199, 64, 15, 93, 4056, 4
1000, 4, 10, 100, 50, 187.02407306215326, 411, 20, 26, 232, 8425, 4
1000, 4, 10, 100, 50, 187.02407306215326, 253, 111, 69, 110, 5173, 4
1000, 4, 10, 100, 50, 187.02407306215326, 221, 28, 27, 141, 4560, 4
1000, 4, 10, 100, 50, 187.02407306215326, 214, 34, 18, 90, 4365, 4
1000, 4, 10, 100, 50, 187.02407306215326, 277, 23, 19, 135, 5675, 4
1000, 4, 10, 100, 50, 187.02407306215326, 178, 41, 41, 91, 3642, 4
1000, 4, 10, 100, 50, 187.02407306215326, 180, 22, 34, 64, 3652, 4
1000, 4, 10, 100, 50, 187.02407306215326, 224, 99, 37, 78, 4552, 4
1000, 4, 10, 100, 50, 187.02407306215326, 224, 37, 31, 103, 4592, 4
1000, 4, 10, 100, 50, 187.02407306215326, 235, 34, 25, 131, 4813, 4
1000, 4, 10, 100, 50, 187.02407306215326, 225, 27, 27, 142, 4620, 4
1000, 4, 10, 100, 50, 187.02407306215326, 193, 86, 23, 93, 3954, 4
1000, 4, 10, 100, 50, 187.02407306215326, 223, 45, 68, 129, 4577, 4
1000, 4, 10, 100, 50, 187.02407306215326, 297, 29, 71, 146, 6068, 4
1000, 4, 10, 100, 50, 187.02407306215326, 230, 13, 27, 160, 4749, 4
1000, 4, 10, 100, 50, 187.02407306215326, 200, 64, 51, 74, 4063, 4
1000, 4, 10, 100, 50, 187.02407306215326, 188, 37, 46, 79, 3841, 4
