1000, 32, 10, 100, 50, 23.28889922555659, 30, 16, 0, 133, 2218, 32
1000, 32, 10, 100, 50, 23.28889922555659, 31, 19, 0, 135, 2245, 32
1000, 32, 10, 100, 50, 23.28889922555659, 33, 9, 0, 198, 2433, 32
1000, 32, 10, 100, 50, 23.28889922555659, 34, 20, 0, 158, 2494, 32
1000, 32, 10, 100, 50, 23.28889922555659, 30, 19, 0, 148, 2190, 32
1000, 32, 10, 100, 50, 23.28889922555659, 45, 14, 0, 235, 3284, 32
1000, 32, 10, 100, 50, 23.28889922555659, 29, 13, 0, 143, 2145, 32
1000, 32, 10, 100, 50, 23.28889922555659, 24, 16, 0, 109, 1793, 32
1000, 32, 10, 100, 50, 23.28889922555659, 28, 19, 0, 130, 2051, 32
1000, 32, 10, 100, 50, 23.28889922555659, 26, 14, 0, 111, 1895, 32
1000, 32, 10, 100, 50, 23.28889922555659, 30, 22, 0, 155, 2203, 32
1000, 32, 10, 100, 50, 23.28889922555659, 35, 12, 0, 178, 2568, 32
1000, 32, 10, 100, 50, 23.28889922555659, 38, 14, 0, 187, 2801, 32
1000, 32, 10, 100, 50, 23.28889922555659, 37, 19, 0, 172, 2673, 32
1000, 32, 10, 100, 50, 23.28889922555659, 39, 15, 0, 188, 2823, 32
1000, 32, 10, 100, 50, 23.28889922555659, 46, 13, 0, 255, 3371, 32
1000, 32, 10, 100, 50, 23.28889922555659, 41, 16, 0, 233, 2992, 32
1000, 32, 10, 100, 50, 23.28889922555659, 38, 11, 0, 227, 2816, 32
1000, 32, 10, 100, 50, 23.28889922555659, 36, 13, 0, 169, 2605, 32
1000, 32, 10, 100, 50, 23.28889922555659, 35, 21, 0, 149, 2524, 32
1000, 32, 10, 100, 50, 23.28889922555659, 29, 18, 0, 126, 2100, 32
1000, 32, 10, 100, 50, 23.28889922555659, 31, 19, 0, 140, 2247, 32
1000, 32, 10, 100, 50, 23.28889922555659, 26, 18, 0, 114, 1884, 32
1000, 32, 10, 100, 50, 23.28889922555659, 28, 15, 0, 124, 2051, 32
1000, 32, 10, 100, 50, 23.28889922555659, 29, 13, 0, 144, 2121, 32
1000, 32, 10, 100, 50, 23.28889922555659, 32, 13, 0, 163, 2370, 32
1000, 32, 10, 100, 50, 23.28889922555659, 34, 9, 0, 184, 2479, 32
1000, 32, 10, 100, 50, 23.28889922555659, 27, 11, 0, 144, 1979, 32
1000, 32, 10, 100, 50, 23.28889922555659, 35, 20, 0, 150, 2575, 32
1000, 32, 10, 100, 50, 23.28889922555659, 32, 12, 0, 151, 2299, 32
1000, 32, 10, 100, 50, 23.28889922555659, 31, 17, 0, 155, 2303, 32
1000, 32, 10, 100, 50, 23.28889922555659, 30, 16, 0, 140, 2174, 32
1000, 32, 10, 100, 50, 23.28889922555659, 42, 16, 0, 213, 3075, 32
1000, 32, 10, 100, 50, 23.28889922555659, 32, 15, 0, 162, 2351, 32
1000, 32, 10, 100, 50, 23.28889922555659, 40, 14, 0, 206, 2928, 32
1000, 32, 10, 100, 50, 23.28889922555659, 33, 16, 0, 154, 2392, 32
1000, 32, 10, 100, 50, 23.28889922555659, 27, 16, 0, 117, 1983, 32
1000, 32, 10, 100, 50, 23.28889922555659, 30, 10, 0, 152, 2173, 32
1000, 32, 10, 100, 50, 23.28889922555659, 35, 12, 0, 183, 2526, 32
1000, 32, 10, 100, 50, 23.28889922555659, 31, 15, 0, 156, 2258, 32
1000, 32, 10, 100, 50, 23.28889922555659, 35, 15, 0, 177, 2567, 32
1000, 32, 10, 100, 50, 23.28889922555659, 35, 12, 0, 175, 2558, 32
1000, 32, 10, 100, 50, 23.28889922555659, 42, 15, 0, 200, 3034, 32
1000, 32, 10, 100, 50, 23.28889922555659, 34, 14, 0, 170, 2490, 32
1000, 32, 10, 100, 50, 23.28889922555659, 35, 17, 0, 178, 2553, 32
1000, 32, 10, 100, 50, 23.28889922555659, 26, 14, 0, 137, 1915, 32
1000, 32, 10, 100, 50, 23.28889922555659, 28, 14, 0, 142, 2067, 32
1000, 32, 10, 100, 50, 23.28889922555659, 28, 16, 0, 135, 2044, 32
1000, 32, 10, 100, 50, 23.28889922555659, 29, 13, 0, 128, 2139, 32
1000, 32, 10, 100, 50, 23.28889922555659, 29, 17, 0, 127, 2117, 32
1000, 32, 10, 100, 50, 23.28889922555659, 41, 10, 0, 250, 2970, 32
1000, 32, 10, 100, 50, 23.28889922555659, 33, 13, 0, 159, 2406, 32
1000, 32, 10, 100, 50, 23.28889922555659, 33, 19, 0, 164, 2421, 32
1000, 32, 10, 100, 50, 23.28889922555659, 33, 14, 0, 174, 2404, 32
1000, 32, 10, 100, 50, 23.28889922555659, 33, 19, 0, 165, 2418, 32
1000, 32, 10, 100, 50, 23.28889922555659, 38, 25, 0, 171, 2747, 32
1000, 32, 10, 100, 50, 23.28889922555659, 32, 18, 0, 149, 2366, 32
1000, 32, 10, 100, 50, 23.28889922555659, 51, 12, 0, 261, 3674, 32
1000, 32, 10, 100, 50, 23.28889922555659, 29, 15, 0, 146, 2090, 32
1000, 32, 10, 100, 50, 23.28889922555659, 38, 16, 0, 183, 2753, 32
1000, 32, 10, 100, 50, 23.28889922555659, 31, 15, 0, 170, 2307, 32
1000, 32, 10, 100, 50, 23.28889922555659, 32, 13, 0, 160, 2373, 32
1000, 32, 10, 100, 50, 23.28889922555659, 30, 22, 0, 129, 2159, 32
1000, 32, 10, 100, 50, 23.28889922555659, 29, 13, 0, 152, 2137, 32
1000, 32, 10, 100, 50, 23.28889922555659, 43, 16, 0, 206, 3136, 32
1000, 32, 10, 100, 50, 23.28889922555659, 30, 20, 0, 151, 2228, 32
1000, 32, 10, 100, 50, 23.28889922555659, 42, 16, 0, 216, 3049, 32
1000, 32, 10, 100, 50, 23.28889922555659, 34, 13, 0, 194, 2510, 32
1000, 32, 10, 100, 50, 23.28889922555659, 36, 22, 0, 179, 2602, 32
1000, 32, 10, 100, 50, 23.28889922555659, 35, 12, 0, 182, 2581, 32
1000, 32, 10, 100, 50, 23.28889922555659, 35, 23, 0, 161, 2563, 32
1000, 32, 10, 100, 50, 23.28889922555659, 32, 13, 0, 172, 2349, 32
1000, 32, 10, 100, 50, 23.28889922555659, 28, 18, 0, 107, 2009, 32
1000, 32, 10, 100, 50, 23.28889922555659, 28, 13, 0, 133, 2013, 32
1000, 32, 10, 100, 50, 23.28889922555659, 32, 20, 0, 159, 2377, 32
1000, 32, 10, 100, 50, 23.28889922555659, 30, 15, 0, 134, 2177, 32
1000, 32, 10, 100, 50, 23.28889922555659, 40, 11, 0, 221, 2919, 32
1000, 32, 10, 100, 50, 23.28889922555659, 31, 14, 0, 158, 2262, 32
1000, 32, 10, 100, 50, 23.28889922555659, 29, 14, 0, 136, 2079, 32
1000, 32, 10, 100, 50, 23.28889922555659, 28, 12, 0, 145, 2079, 32
1000, 32, 10, 100, 50, 23.28889922555659, 26, 18, 0, 111, 1906, 32
1000, 32, 10, 100, 50, 23.28889922555659, 32, 11, 0, 189, 2372, 32
1000, 32, 10, 100, 50, 23.28889922555659, 32, 23, 0, 133, 2313, 32
1000, 32, 10, 100, 50, 23.28889922555659, 30, 13, 0, 139, 2157, 32
1000, 32, 10, 100, 50, 23.28889922555659, 37, 13, 0, 196, 2713, 32
1000, 32, 10, 100, 50, 23.28889922555659, 31, 20, 0, 135, 2255, 32
1000, 32, 10, 100, 50, 23.28889922555659, 38, 15, 0, 176, 2756, 32
1000, 32, 10, 100, 50, 23.28889922555659, 35, 18, 0, 150, 2557, 32
1000, 32, 10, 100, 50, 23.28889922555659, 40, 14, 0, 212, 2913, 32
1000, 32, 10, 100, 50, 23.28889922555659, 30, 12, 0, 145, 2207, 32
1000, 32, 10, 100, 50, 23.28889922555659, 38, 12, 0, 184, 2777, 32
1000, 32, 10, 100, 50, 23.28889922555659, 27, 26, 0, 116, 1968, 32
1000, 32, 10, 100, 50, 23.28889922555659, 39, 12, 0, 198, 2851, 32
1000, 32, 10, 100, 50, 23.28889922555659, 38, 30, 0, 187, 2771, 32
1000, 32, 10, 100, 50, 23.28889922555659, 37, 11, 0, 201, 2677, 32
1000, 32, 10, 100, 50, 23.28889922555659, 30, 14, 0, 135, 2160, 32
1000, 32, 10, 100, 50, 23.28889922555659, 34, 13, 0, 167, 2496, 32
1000, 32, 10, 100, 50, 23.28889922555659, 28, 16, 0, 128, 2073, 32
1000, 32, 10, 100, 50, 23.28889922555659, 29, 17, 0, 141, 2134, 32
1000, 32, 10, 100, 50, 23.28889922555659, 43, 15, 0, 208, 3110, 32
