1000, 64, 10, 100, 50, 11.591923658404882, 15, 2, 4, 2491, 2793, 64
1000, 64, 10, 100, 50, 11.591923658404882, 15, 2, 4, 2310, 2635, 64
1000, 64, 10, 100, 50, 11.591923658404882, 10, 3, 3, 1329, 1579, 64
1000, 64, 10, 100, 50, 11.591923658404882, 13, 2, 3, 2096, 2368, 64
1000, 64, 10, 100, 50, 11.591923658404882, 10, 5, 5, 1169, 1458, 64
1000, 64, 10, 100, 50, 11.591923658404882, 17, 6, 6, 1993, 2375, 64
1000, 64, 10, 100, 50, 11.591923658404882, 10, 4, 4, 1317, 1565, 64
1000, 64, 10, 100, 50, 11.591923658404882, 20, 3, 4, 2829, 3259, 64
1000, 64, 10, 100, 50, 11.591923658404882, 13, 3, 5, 1787, 2081, 64
1000, 64, 10, 100, 50, 11.591923658404882, 10, 4, 6, 1345, 1583, 64
1000, 64, 10, 100, 50, 11.591923658404882, 11, 4, 4, 1428, 1662, 64
1000, 64, 10, 100, 50, 11.591923658404882, 12, 4, 4, 1595, 1881, 64
1000, 64, 10, 100, 50, 11.591923658404882, 13, 3, 3, 1639, 1919, 64
1000, 64, 10, 100, 50, 11.591923658404882, 14, 2, 4, 2177, 2463, 64
1000, 64, 10, 100, 50, 11.591923658404882, 12, 4, 5, 1247, 1538, 64
1000, 64, 10, 100, 50, 11.591923658404882, 15, 2, 3, 2183, 2520, 64
1000, 64, 10, 100, 50, 11.591923658404882, 10, 3, 4, 1399, 1628, 64
1000, 64, 10, 100, 50, 11.591923658404882, 16, 10, 5, 1830, 2211, 64
1000, 64, 10, 100, 50, 11.591923658404882, 16, 3, 7, 2317, 2644, 64
1000, 64, 10, 100, 50, 11.591923658404882, 13, 4, 4, 1828, 2139, 64
1000, 64, 10, 100, 50, 11.591923658404882, 14, 2, 4, 2013, 2301, 64
1000, 64, 10, 100, 50, 11.591923658404882, 15, 2, 4, 2189, 2500, 64
1000, 64, 10, 100, 50, 11.591923658404882, 13, 3, 4, 1793, 2088, 64
1000, 64, 10, 100, 50, 11.591923658404882, 11, 5, 4, 1398, 1663, 64
1000, 64, 10, 100, 50, 11.591923658404882, 12, 2, 4, 1734, 1992, 64
1000, 64, 10, 100, 50, 11.591923658404882, 11, 3, 5, 1430, 1696, 64
1000, 64, 10, 100, 50, 11.591923658404882, 20, 2, 4, 3125, 3540, 64
1000, 64, 10, 100, 50, 11.591923658404882, 11, 2, 4, 1593, 1814, 64
1000, 64, 10, 100, 50, 11.591923658404882, 12, 2, 6, 1692, 1954, 64
1000, 64, 10, 100, 50, 11.591923658404882, 19, 3, 4, 2933, 3344, 64
1000, 64, 10, 100, 50, 11.591923658404882, 14, 4, 3, 1760, 2078, 64
1000, 64, 10, 100, 50, 11.591923658404882, 12, 4, 4, 1568, 1841, 64
1000, 64, 10, 100, 50, 11.591923658404882, 11, 2, 4, 1511, 1751, 64
1000, 64, 10, 100, 50, 11.591923658404882, 15, 3, 5, 1918, 2231, 64
1000, 64, 10, 100, 50, 11.591923658404882, 14, 2, 5, 2271, 2559, 64
1000, 64, 10, 100, 50, 11.591923658404882, 14, 2, 4, 2084, 2385, 64
1000, 64, 10, 100, 50, 11.591923658404882, 14, 2, 4, 2132, 2405, 64
1000, 64, 10, 100, 50, 11.591923658404882, 13, 4, 4, 1792, 2081, 64
1000, 64, 10, 100, 50, 11.591923658404882, 13, 3, 3, 1920, 2211, 64
1000, 64, 10, 100, 50, 11.591923658404882, 13, 2, 5, 2030, 2293, 64
1000, 64, 10, 100, 50, 11.591923658404882, 20, 2, 5, 3092, 3493, 64
1000, 64, 10, 100, 50, 11.591923658404882, 15, 2, 4, 2326, 2635, 64
1000, 64, 10, 100, 50, 11.591923658404882, 13, 7, 3, 1483, 1816, 64
1000, 64, 10, 100, 50, 11.591923658404882, 11, 3, 3, 1610, 1864, 64
1000, 64, 10, 100, 50, 11.591923658404882, 12, 2, 3, 1929, 2179, 64
1000, 64, 10, 100, 50, 11.591923658404882, 20, 2, 5, 3173, 3542, 64
1000, 64, 10, 100, 50, 11.591923658404882, 13, 5, 3, 1575, 1855, 64
1000, 64, 10, 100, 50, 11.591923658404882, 16, 3, 3, 2410, 2762, 64
1000, 64, 10, 100, 50, 11.591923658404882, 16, 5, 5, 2080, 2427, 64
1000, 64, 10, 100, 50, 11.591923658404882, 15, 7, 3, 1962, 2306, 64
1000, 64, 10, 100, 50, 11.591923658404882, 13, 3, 4, 1821, 2095, 64
1000, 64, 10, 100, 50, 11.591923658404882, 13, 2, 4, 1877, 2155, 64
1000, 64, 10, 100, 50, 11.591923658404882, 17, 5, 4, 2396, 2785, 64
1000, 64, 10, 100, 50, 11.591923658404882, 12, 3, 3, 1724, 2011, 64
1000, 64, 10, 100, 50, 11.591923658404882, 12, 3, 5, 1784, 2069, 64
1000, 64, 10, 100, 50, 11.591923658404882, 11, 2, 6, 1513, 1749, 64
1000, 64, 10, 100, 50, 11.591923658404882, 22, 3, 4, 3449, 3900, 64
1000, 64, 10, 100, 50, 11.591923658404882, 18, 3, 3, 2634, 3041, 64
1000, 64, 10, 100, 50, 11.591923658404882, 14, 3, 6, 1836, 2152, 64
1000, 64, 10, 100, 50, 11.591923658404882, 10, 3, 3, 1268, 1483, 64
1000, 64, 10, 100, 50, 11.591923658404882, 13, 3, 4, 2027, 2312, 64
1000, 64, 10, 100, 50, 11.591923658404882, 15, 5, 6, 1943, 2273, 64
1000, 64, 10, 100, 50, 11.591923658404882, 16, 2, 4, 2485, 2833, 64
1000, 64, 10, 100, 50, 11.591923658404882, 11, 2, 6, 1558, 1802, 64
1000, 64, 10, 100, 50, 11.591923658404882, 15, 8, 3, 1617, 1943, 64
1000, 64, 10, 100, 50, 11.591923658404882, 15, 3, 5, 2138, 2479, 64
1000, 64, 10, 100, 50, 11.591923658404882, 17, 2, 4, 2670, 3009, 64
1000, 64, 10, 100, 50, 11.591923658404882, 13, 4, 4, 1788, 2093, 64
1000, 64, 10, 100, 50, 11.591923658404882, 14, 2, 5, 2010, 2278, 64
1000, 64, 10, 100, 50, 11.591923658404882, 14, 2, 3, 1949, 2264, 64
1000, 64, 10, 100, 50, 11.591923658404882, 13, 3, 5, 1851, 2163, 64
1000, 64, 10, 100, 50, 11.591923658404882, 13, 3, 6, 1745, 2019, 64
1000, 64, 10, 100, 50, 11.591923658404882, 16, 2, 5, 2241, 2561, 64
1000, 64, 10, 100, 50, 11.591923658404882, 20, 3, 6, 2821, 3235, 64
1000, 64, 10, 100, 50, 11.591923658404882, 15, 2, 4, 2413, 2718, 64
1000, 64, 10, 100, 50, 11.591923658404882, 14, 7, 4, 1497, 1822, 64
1000, 64, 10, 100, 50, 11.591923658404882, 15, 2, 4, 2296, 2606, 64
1000, 64, 10, 100, 50, 11.591923658404882, 15, 2, 4, 2282, 2589, 64
1000, 64, 10, 100, 50, 11.591923658404882, 10, 5, 5, 1293, 1559, 64
1000, 64, 10, 100, 50, 11.591923658404882, 12, 3, 4, 1679, 1957, 64
1000, 64, 10, 100, 50, 11.591923658404882, 11, 3, 4, 1214, 1458, 64
1000, 64, 10, 100, 50, 11.591923658404882, 10, 3, 5, 1511, 1755, 64
1000, 64, 10, 100, 50, 11.591923658404882, 12, 4, 3, 1397, 1683, 64
1000, 64, 10, 100, 50, 11.591923658404882, 11, 2, 3, 1538, 1749, 64
1000, 64, 10, 100, 50, 11.591923658404882, 15, 3, 5, 2372, 2704, 64
1000, 64, 10, 100, 50, 11.591923658404882, 12, 2, 4, 1688, 1916, 64
1000, 64, 10, 100, 50, 11.591923658404882, 16, 3, 5, 2324, 2690, 64
1000, 64, 10, 100, 50, 11.591923658404882, 11, 3, 6, 1537, 1776, 64
1000, 64, 10, 100, 50, 11.591923658404882, 9, 2, 4, 1118, 1332, 64
1000, 64, 10, 100, 50, 11.591923658404882, 14, 2, 5, 1981, 2265, 64
1000, 64, 10, 100, 50, 11.591923658404882, 13, 5, 3, 1498, 1841, 64
1000, 64, 10, 100, 50, 11.591923658404882, 14, 3, 4, 1708, 2027, 64
1000, 64, 10, 100, 50, 11.591923658404882, 24, 2, 6, 3865, 4335, 64
1000, 64, 10, 100, 50, 11.591923658404882, 12, 2, 6, 1829, 2090, 64
1000, 64, 10, 100, 50, 11.591923658404882, 24, 2, 4, 3754, 4211, 64
1000, 64, 10, 100, 50, 11.591923658404882, 11, 2, 5, 1672, 1909, 64
1000, 64, 10, 100, 50, 11.591923658404882, 11, 2, 3, 1614, 1839, 64
1000, 64, 10, 100, 50, 11.591923658404882, 13, 4, 4, 1679, 2008, 64
1000, 64, 10, 100, 50, 11.591923658404882, 15, 4, 5, 1869, 2197, 64
1000, 64, 10, 100, 50, 11.591923658404882, 11, 3, 3, 1718, 1987, 64
