1000, 16, 10, 100, 50, 46.680259762211165, 57, 47, 0, 60734, 1164, 16
1000, 16, 10, 100, 50, 46.680259762211165, 72, 29, 0, 79275, 1464, 16
1000, 16, 10, 100, 50, 46.680259762211165, 56, 18, 0, 45403, 1147, 16
1000, 16, 10, 100, 50, 46.680259762211165, 58, 15, 0, 64314, 1192, 16
1000, 16, 10, 100, 50, 46.680259762211165, 64, 18, 0, 71979, 1308, 16
1000, 16, 10, 100, 50, 46.680259762211165, 67, 12, 0, 67275, 1361, 16
1000, 16, 10, 100, 50, 46.680259762211165, 63, 17, 0, 68069, 1294, 16
1000, 16, 10, 100, 50, 46.680259762211165, 73, 13, 0, 71704, 1479, 16
1000, 16, 10, 100, 50, 46.680259762211165, 60, 19, 0, 68687, 1223, 16
1000, 16, 10, 100, 50, 46.680259762211165, 50, 17, 0, 52126, 1012, 16
1000, 16, 10, 100, 50, 46.680259762211165, 76, 23, 0, 76656, 1553, 16
1000, 16, 10, 100, 50, 46.680259762211165, 68, 13, 0, 62232, 1387, 16
1000, 16, 10, 100, 50, 46.680259762211165, 56, 16, 0, 53105, 1148, 16
1000, 16, 10, 100, 50, 46.680259762211165, 52, 28, 0, 55464, 1075, 16
1000, 16, 10, 100, 50, 46.680259762211165, 57, 18, 0, 55855, 1169, 16
1000, 16, 10, 100, 50, 46.680259762211165, 59, 11, 0, 60741, 1198, 16
1000, 16, 10, 100, 50, 46.680259762211165, 71, 21, 0, 80622, 1446, 16
1000, 16, 10, 100, 50, 46.680259762211165, 54, 43, 0, 47405, 1102, 16
1000, 16, 10, 100, 50, 46.680259762211165, 59, 14, 0, 56427, 1201, 16
1000, 16, 10, 100, 50, 46.680259762211165, 57, 18, 0, 60705, 1166, 16
1000, 16, 10, 100, 50, 46.680259762211165, 71, 16, 0, 67242, 1447, 16
1000, 16, 10, 100, 50, 46.680259762211165, 62, 12, 0, 62644, 1273, 16
1000, 16, 10, 100, 50, 46.680259762211165, 50, 14, 0, 60478, 1031, 16
1000, 16, 10, 100, 50, 46.680259762211165, 66, 24, 0, 60486, 1348, 16
1000, 16, 10, 100, 50, 46.680259762211165, 62, 22, 0, 50453, 1252, 16
1000, 16, 10, 100, 50, 46.680259762211165, 52, 18, 0, 55128, 1073, 16
1000, 16, 10, 100, 50, 46.680259762211165, 64, 11, 0, 56666, 1308, 16
1000, 16, 10, 100, 50, 46.680259762211165, 56, 15, 0, 60991, 1156, 16
1000, 16, 10, 100, 50, 46.680259762211165, 65, 30, 0, 80885, 1325, 16
1000, 16, 10, 100, 50, 46.680259762211165, 58, 21, 0, 61960, 1194, 16
1000, 16, 10, 100, 50, 46.680259762211165, 73, 15, 0, 77350, 1485, 16
1000, 16, 10, 100, 50, 46.680259762211165, 67, 22, 0, 62284, 1362, 16
1000, 16, 10, 100, 50, 46.680259762211165, 66, 23, 0, 68479, 1342, 16
1000, 16, 10, 100, 50, 46.680259762211165, 68, 16, 0, 71780, 1382, 16
1000, 16, 10, 100, 50, 46.680259762211165, 66, 23, 0, 70566, 1346, 16
1000, 16, 10, 100, 50, 46.680259762211165, 57, 42, 0, 50607, 1159, 16
1000, 16, 10, 100, 50, 46.680259762211165, 64, 15, 0, 74185, 1308, 16
1000, 16, 10, 100, 50, 46.680259762211165, 61, 17, 0, 58620, 1241, 16
1000, 16, 10, 100, 50, 46.680259762211165, 57, 17, 0, 53983, 1168, 16
1000, 16, 10, 100, 50, 46.680259762211165, 81, 34, 0, 101657, 1653, 16
1000, 16, 10, 100, 50, 46.680259762211165, 60, 15, 0, 56112, 1217, 16
1000, 16, 10, 100, 50, 46.680259762211165, 54, 25, 0, 51000, 1100, 16
1000, 16, 10, 100, 50, 46.680259762211165, 58, 33, 0, 48802, 1190, 16
1000, 16, 10, 100, 50, 46.680259762211165, 50, 13, 0, 54979, 1022, 16
1000, 16, 10, 100, 50, 46.680259762211165, 59, 21, 0, 60799, 1200, 16
1000, 16, 10, 100, 50, 46.680259762211165, 59, 24, 0, 56417, 1207, 16
1000, 16, 10, 100, 50, 46.680259762211165, 66, 14, 0, 73700, 1345, 16
1000, 16, 10, 100, 50, 46.680259762211165, 62, 30, 0, 55027, 1273, 16
1000, 16, 10, 100, 50, 46.680259762211165, 53, 19, 0, 54725, 1079, 16
1000, 16, 10, 100, 50, 46.680259762211165, 60, 15, 0, 62109, 1224, 16
1000, 16, 10, 100, 50, 46.680259762211165, 64, 22, 0, 58868, 1303, 16
1000, 16, 10, 100, 50, 46.680259762211165, 52, 14, 0, 56374, 1070, 16
1000, 16, 10, 100, 50, 46.680259762211165, 64, 17, 0, 73167, 1306, 16
1000, 16, 10, 100, 50, 46.680259762211165, 61, 19, 0, 58925, 1248, 16
1000, 16, 10, 100, 50, 46.680259762211165, 64, 10, 0, 73668, 1318, 16
1000, 16, 10, 100, 50, 46.680259762211165, 58, 17, 0, 67823, 1185, 16
1000, 16, 10, 100, 50, 46.680259762211165, 68, 13, 0, 73941, 1387, 16
1000, 16, 10, 100, 50, 46.680259762211165, 62, 34, 0, 56479, 1267, 16
1000, 16, 10, 100, 50, 46.680259762211165, 57, 32, 0, 60670, 1170, 16
1000, 16, 10, 100, 50, 46.680259762211165, 54, 18, 0, 53090, 1102, 16
1000, 16, 10, 100, 50, 46.680259762211165, 73, 41, 0, 84392, 1484, 16
1000, 16, 10, 100, 50, 46.680259762211165, 52, 12, 0, 56080, 1056, 16
1000, 16, 10, 100, 50, 46.680259762211165, 59, 13, 0, 66894, 1203, 16
1000, 16, 10, 100, 50, 46.680259762211165, 62, 11, 0, 59586, 1257, 16
1000, 16, 10, 100, 50, 46.680259762211165, 68, 17, 0, 67673, 1386, 16
1000, 16, 10, 100, 50, 46.680259762211165, 60, 18, 0, 58533, 1225, 16
1000, 16, 10, 100, 50, 46.680259762211165, 57, 23, 0, 47494, 1156, 16
1000, 16, 10, 100, 50, 46.680259762211165, 51, 13, 0, 53815, 1032, 16
1000, 16, 10, 100, 50, 46.680259762211165, 66, 22, 0, 67327, 1342, 16
1000, 16, 10, 100, 50, 46.680259762211165, 61, 13, 0, 65398, 1248, 16
1000, 16, 10, 100, 50, 46.680259762211165, 63, 17, 0, 61644, 1274, 16
1000, 16, 10, 100, 50, 46.680259762211165, 54, 30, 0, 55415, 1107, 16
1000, 16, 10, 100, 50, 46.680259762211165, 61, 18, 0, 63862, 1249, 16
1000, 16, 10, 100, 50, 46.680259762211165, 68, 18, 0, 76229, 1384, 16
1000, 16, 10, 100, 50, 46.680259762211165, 59, 16, 0, 50733, 1205, 16
1000, 16, 10, 100, 50, 46.680259762211165, 83, 28, 0, 96802, 1700, 16
1000, 16, 10, 100, 50, 46.680259762211165, 63, 14, 0, 65026, 1278, 16
1000, 16, 10, 100, 50, 46.680259762211165, 55, 15, 0, 59944, 1128, 16
1000, 16, 10, 100, 50, 46.680259762211165, 64, 32, 0, 69794, 1304, 16
1000, 16, 10, 100, 50, 46.680259762211165, 58, 12, 0, 60939, 1193, 16
1000, 16, 10, 100, 50, 46.680259762211165, 88, 8, 0, 94915, 1786, 16
1000, 16, 10, 100, 50, 46.680259762211165, 54, 16, 0, 56356, 1106, 16
1000, 16, 10, 100, 50, 46.680259762211165, 66, 15, 0, 68306, 1352, 16
1000, 16, 10, 100, 50, 46.680259762211165, 58, 16, 0, 50696, 1180, 16
1000, 16, 10, 100, 50, 46.680259762211165, 68, 20, 0, 76031, 1399, 16
1000, 16, 10, 100, 50, 46.680259762211165, 62, 13, 0, 68835, 1271, 16
1000, 16, 10, 100, 50, 46.680259762211165, 62, 21, 0, 60143, 1259, 16
1000, 16, 10, 100, 50, 46.680259762211165, 58, 17, 0, 57573, 1190, 16
1000, 16, 10, 100, 50, 46.680259762211165, 57, 20, 0, 52218, 1170, 16
1000, 16, 10, 100, 50, 46.680259762211165, 54, 20, 0, 44907, 1099, 16
1000, 16, 10, 100, 50, 46.680259762211165, 53, 18, 0, 59846, 1076, 16
1000, 16, 10, 100, 50, 46.680259762211165, 60, 24, 0, 65288, 1221, 16
1000, 16, 10, 100, 50, 46.680259762211165, 60, 15, 0, 74943, 1226, 16
1000, 16, 10, 100, 50, 46.680259762211165, 56, 16, 0, 59987, 1146, 16
1000, 16, 10, 100, 50, 46.680259762211165, 70, 15, 0, 70771, 1421, 16
1000, 16, 10, 100, 50, 46.680259762211165, 84, 28, 0, 78246, 1711, 16
1000, 16, 10, 100, 50, 46.680259762211165, 54, 14, 0, 57095, 1109, 16
1000, 16, 10, 100, 50, 46.680259762211165, 74, 23, 0, 78609, 1521, 16
1000, 16, 10, 100, 50, 46.680259762211165, 61, 17, 0, 65046, 1242, 16
1000, 16, 10, 100, 50, 46.680259762211165, 75, 22, 0, 83894, 1539, 16
