1000, 1, 10, 10, 0, 0.009000107008387758, 769, 100.0, 126, 7, 53830, 0, 87, 691.0, 691.0, 1.1128798842257597
1000, 1, 10, 10, 0, 0.009108904347535756, 571, 100.0, 286, 7, 39970, 0, 54, 691.0, 691.0, 0.8263386396526773
1000, 1, 10, 10, 0, 0.009098367832842217, 897, 100.0, 188, 7, 62790, 0, 94, 691.0, 691.0, 1.2981186685962374
1000, 1, 10, 10, 0, 0.009265154557270273, 584, 100.0, 160, 7, 40880, 0, 59, 691.0, 691.0, 0.8451519536903039
1000, 1, 10, 10, 0, 0.008817015926894791, 888, 100.0, 888, 7, 62160, 0, 93, 691.0, 691.0, 1.2850940665701882
1000, 1, 10, 10, 0, 0.00965235511061432, 764, 100.0, 159, 7, 53480, 0, 73, 691.0, 691.0, 1.105643994211288
1000, 1, 10, 10, 0, 0.00932669831505847, 747, 100.0, 128, 7, 52290, 0, 80, 691.0, 691.0, 1.081041968162084
1000, 1, 10, 10, 0, 0.009701059593054501, 663, 100.0, 276, 7, 46410, 0, 79, 691.0, 691.0, 0.959479015918958
1000, 1, 10, 10, 0, 0.009404363838003648, 627, 100.0, 223, 7, 43890, 0, 54, 691.0, 691.0, 0.9073806078147613
1000, 1, 10, 10, 0, 0.009098367832842217, 897, 100.0, 421, 7, 62790, 0, 98, 691.0, 691.0, 1.2981186685962374
1000, 1, 10, 10, 0, 0.009055292753491716, 745, 100.0, 118, 7, 52150, 0, 69, 691.0, 691.0, 1.0781476121562952
1000, 1, 10, 10, 0, 0.009251370558182053, 890, 100.0, 308, 7, 62300, 0, 61, 691.0, 691.0, 1.2879884225759768
1000, 1, 10, 10, 0, 0.009313028415898946, 815, 100.0, 195, 7, 57050, 0, 76, 691.0, 691.0, 1.1794500723589
1000, 1, 10, 10, 0, 0.009508595806299081, 791, 100.0, 237, 7, 55440, 0, 77, 691.0, 691.0, 1.1447178002894356
1000, 1, 10, 10, 0, 0.009253634267361904, 620, 100.0, 140, 7, 43400, 0, 86, 691.0, 691.0, 0.8972503617945007
1000, 1, 10, 10, 0, 0.009030827203487062, 736, 100.0, 331, 7, 51520, 0, 72, 691.0, 691.0, 1.065123010130246
1000, 1, 10, 10, 0, 0.009191176851383827, 684, 100.0, 189, 7, 47880, 0, 109, 691.0, 691.0, 0.9898697539797395
1000, 1, 10, 10, 0, 0.009308246303023205, 623, 100.0, 293, 7, 43610, 0, 52, 691.0, 691.0, 0.9015918958031838
1000, 1, 10, 10, 0, 0.009558329591991615, 1163, 100.0, 173, 7, 81410, 0, 90, 691.0, 691.0, 1.683068017366136
1000, 1, 10, 10, 0, 0.00936378622789347, 799, 100.0, 206, 7, 55930, 0, 69, 691.0, 691.0, 1.1562952243125904
1000, 1, 10, 10, 0, 0.009823174610954503, 827, 100.0, 164, 7, 57890, 0, 116, 691.0, 691.0, 1.1968162083936325
1000, 1, 10, 10, 0, 0.009512411587193879, 823, 100.0, 178, 7, 57610, 0, 94, 691.0, 691.0, 1.191027496382055
1000, 1, 10, 10, 0, 0.008873957441767057, 653, 100.0, 105, 7, 45710, 0, 71, 691.0, 691.0, 0.9450072358900145
1000, 1, 10, 10, 0, 0.009343983043835333, 617, 100.0, 106, 7, 43190, 0, 72, 691.0, 691.0, 0.8929088277858177
1000, 1, 10, 10, 0, 0.009497379945849482, 729, 100.0, 67, 7, 51030, 0, 85, 691.0, 691.0, 1.0549927641099854
1000, 1, 10, 10, 0, 0.009508595806299081, 791, 100.0, 237, 7, 55440, 0, 77, 691.0, 691.0, 1.1447178002894356
1000, 1, 10, 10, 0, 0.009226013744061963, 696, 100.0, 248, 7, 48720, 0, 81, 691.0, 691.0, 1.0072358900144718
1000, 1, 10, 10, 0, 0.009172030561980772, 735, 100.0, 205, 7, 51450, 0, 76, 691.0, 691.0, 1.0636758321273516
1000, 1, 10, 10, 0, 0.009243802510661458, 582, 100.0, 213, 7, 40740, 0, 73, 691.0, 691.0, 0.8422575976845152
1000, 1, 10, 10, 0, 0.00923683829674712, 556, 100.0, 156, 7, 38920, 0, 57, 691.0, 691.0, 0.804630969609262
1000, 1, 10, 10, 0, 0.008896036380549118, 604, 100.0, 272, 7, 42280, 0, 49, 691.0, 691.0, 0.874095513748191
1000, 1, 10, 10, 0, 0.009642585806890914, 641, 100.0, 229, 7, 44870, 0, 53, 691.0, 691.0, 0.9276410998552822
1000, 1, 10, 10, 0, 0.009647849280262152, 659, 100.0, 331, 7, 46130, 0, 55, 691.0, 691.0, 0.9536903039073806
1000, 1, 10, 10, 0, 0.009122638817397239, 840, 100.0, 128, 7, 58800, 0, 89, 691.0, 691.0, 1.215629522431259
1000, 1, 10, 10, 0, 0.009802462434864535, 828, 100.0, 243, 7, 57960, 0, 73, 691.0, 691.0, 1.1982633863965269
1000, 1, 10, 10, 0, 0.009404363838003648, 627, 100.0, 180, 7, 43890, 0, 69, 691.0, 691.0, 0.9073806078147613
1000, 1, 10, 10, 0, 0.009660869308709883, 892, 100.0, 283, 7, 62440, 0, 103, 691.0, 691.0, 1.2908827785817656
1000, 1, 10, 10, 0, 0.009364724128030452, 992, 100.0, 347, 7, 69440, 0, 115, 691.0, 691.0, 1.4356005788712012
1000, 1, 10, 10, 0, 0.008919176692473932, 568, 100.0, 121, 7, 39760, 0, 61, 691.0, 691.0, 0.8219971056439942
1000, 1, 10, 10, 0, 0.009679424955537853, 746, 100.0, 235, 7, 52220, 0, 83, 691.0, 691.0, 1.0795947901591896
1000, 1, 10, 10, 0, 0.009407219318324497, 1260, 100.0, 266, 7, 88200, 0, 90, 691.0, 691.0, 1.8234442836468885
1000, 1, 10, 10, 0, 0.00911619760210925, 656, 100.0, 363, 7, 45920, 0, 68, 691.0, 691.0, 0.9493487698986975
1000, 1, 10, 10, 0, 0.009342234650541646, 771, 100.0, 361, 7, 53970, 0, 73, 691.0, 691.0, 1.1157742402315485
1000, 1, 10, 10, 0, 0.009421102185418749, 829, 100.0, 252, 7, 58030, 0, 92, 691.0, 691.0, 1.199710564399421
1000, 1, 10, 10, 0, 0.009421102185418749, 829, 100.0, 143, 7, 58030, 0, 84, 691.0, 691.0, 1.199710564399421
1000, 1, 10, 10, 0, 0.009145774115917164, 671, 100.0, 371, 7, 46970, 0, 49, 691.0, 691.0, 0.9710564399421129
1000, 1, 10, 10, 0, 0.00916418149005243, 664, 100.0, 218, 7, 46480, 0, 85, 691.0, 691.0, 0.9609261939218524
1000, 1, 10, 10, 0, 0.008989711371808248, 646, 100.0, 132, 7, 45220, 0, 63, 691.0, 691.0, 0.934876989869754
1000, 1, 10, 10, 0, 0.009273820707577419, 932, 100.0, 177, 7, 65240, 0, 85, 691.0, 691.0, 1.3487698986975398
1000, 1, 10, 10, 0, 0.009780199771213392, 916, 100.0, 113, 7, 64120, 0, 85, 691.0, 691.0, 1.32561505065123
1000, 1, 10, 10, 0, 0.009185736051076953, 851, 100.0, 622, 7, 59570, 0, 75, 691.0, 691.0, 1.231548480463097
1000, 1, 10, 10, 0, 0.009514891952483498, 752, 100.0, 272, 7, 52640, 0, 75, 691.0, 691.0, 1.0882778581765558
1000, 1, 10, 10, 0, 0.008913877097461716, 609, 100.0, 239, 7, 42630, 0, 54, 691.0, 691.0, 0.8813314037626628
1000, 1, 10, 10, 0, 0.008983688739432456, 782, 100.0, 244, 7, 54740, 0, 84, 691.0, 691.0, 1.1316931982633864
1000, 1, 10, 10, 0, 0.009201902300734938, 883, 100.0, 327, 7, 61810, 0, 68, 691.0, 691.0, 1.2778581765557164
1000, 1, 10, 10, 0, 0.00911561097545014, 938, 100.0, 210, 7, 65660, 0, 103, 691.0, 691.0, 1.357452966714906
1000, 1, 10, 10, 0, 0.009312426836461062, 694, 100.0, 224, 7, 48580, 0, 84, 691.0, 691.0, 1.004341534008683
1000, 1, 10, 10, 0, 0.009588932710408546, 625, 100.0, 408, 7, 43750, 0, 82, 691.0, 691.0, 0.9044862518089725
1000, 1, 10, 10, 0, 0.009185736051076953, 851, 100.0, 171, 7, 59570, 0, 88, 691.0, 691.0, 1.231548480463097
1000, 1, 10, 10, 0, 0.009315075902097054, 1123, 100.0, 193, 7, 78610, 0, 123, 691.0, 691.0, 1.6251808972503619
1000, 1, 10, 10, 0, 0.009117796371118177, 973, 100.0, 161, 7, 68110, 0, 86, 691.0, 691.0, 1.4081041968162085
1000, 1, 10, 10, 0, 0.009395650679107087, 731, 100.0, 160, 7, 51170, 0, 72, 691.0, 691.0, 1.0578871201157742
1000, 1, 10, 10, 0, 0.008989711371808248, 646, 100.0, 329, 7, 45220, 0, 56, 691.0, 691.0, 0.934876989869754
1000, 1, 10, 10, 0, 0.00933529448094869, 700, 100.0, 319, 7, 49000, 0, 65, 691.0, 691.0, 1.0130246020260492
1000, 1, 10, 10, 0, 0.009061745084083922, 757, 100.0, 272, 7, 52990, 0, 67, 691.0, 691.0, 1.0955137481910275
1000, 1, 10, 10, 0, 0.009215693118919021, 770, 100.0, 148, 7, 53900, 0, 81, 691.0, 691.0, 1.114327062228654
1000, 1, 10, 10, 0, 0.009525356214606479, 860, 100.0, 446, 7, 60200, 0, 79, 691.0, 691.0, 1.244573082489146
1000, 1, 10, 10, 0, 0.009260552217082418, 940, 100.0, 243, 7, 65800, 0, 105, 691.0, 691.0, 1.3603473227206946
1000, 1, 10, 10, 0, 0.009321162534762638, 640, 100.0, 72, 7, 44800, 0, 75, 691.0, 691.0, 0.9261939218523878
1000, 1, 10, 10, 0, 0.008976200475949787, 555, 100.0, 145, 7, 38850, 0, 55, 691.0, 691.0, 0.8031837916063675
1000, 1, 10, 10, 0, 0.008817585446801713, 775, 100.0, 204, 7, 54250, 0, 74, 691.0, 691.0, 1.1215629522431259
1000, 1, 10, 10, 0, 0.00877782440969042, 652, 100.0, 135, 7, 45640, 0, 70, 691.0, 691.0, 0.9435600578871202
1000, 1, 10, 10, 0, 0.009287432905595203, 1054, 100.0, 128, 7, 73780, 0, 109, 691.0, 691.0, 1.5253256150506513
1000, 1, 10, 10, 0, 0.00936346003866265, 621, 100.0, 270, 7, 43470, 0, 51, 691.0, 691.0, 0.8986975397973951
1000, 1, 10, 10, 0, 0.009105652556750627, 725, 100.0, 155, 7, 50750, 0, 74, 691.0, 691.0, 1.049204052098408
1000, 1, 10, 10, 0, 0.009112926040260497, 1094, 100.0, 168, 7, 76580, 0, 114, 691.0, 691.0, 1.5832127351664256
1000, 1, 10, 10, 0, 0.009610856826314846, 634, 100.0, 183, 7, 44380, 0, 70, 691.0, 691.0, 0.9175108538350217
1000, 1, 10, 10, 0, 0.009291056836525882, 943, 100.0, 142, 7, 66010, 0, 99, 691.0, 691.0, 1.3646888567293778
1000, 1, 10, 10, 0, 0.009667818317994684, 900, 100.0, 92, 7, 63000, 0, 113, 691.0, 691.0, 1.3024602026049203
1000, 1, 10, 10, 0, 0.009315704185897028, 642, 100.0, 159, 7, 44940, 0, 67, 691.0, 691.0, 0.9290882778581766
1000, 1, 10, 10, 0, 0.009407993948290115, 811, 100.0, 176, 7, 56770, 0, 95, 691.0, 691.0, 1.1736613603473227
1000, 1, 10, 10, 0, 0.009226013744061963, 696, 100.0, 168, 7, 48720, 0, 47, 691.0, 691.0, 1.0072358900144718
1000, 1, 10, 10, 0, 0.008837126582405907, 896, 100.0, 222, 7, 62720, 0, 146, 691.0, 691.0, 1.296671490593343
1000, 1, 10, 10, 0, 0.009082149163248591, 724, 100.0, 106, 7, 50680, 0, 73, 691.0, 691.0, 1.0477568740955137
1000, 1, 10, 10, 0, 0.009713664030402854, 776, 100.0, 107, 7, 54320, 0, 71, 691.0, 691.0, 1.1230101302460203
1000, 1, 10, 10, 0, 0.00933529448094869, 700, 100.0, 139, 7, 49000, 0, 65, 691.0, 691.0, 1.0130246020260492
1000, 1, 10, 10, 0, 0.009580125110664561, 629, 100.0, 276, 7, 44030, 0, 35, 691.0, 691.0, 0.91027496382055
1000, 1, 10, 10, 0, 0.00955957317046935, 847, 100.0, 106, 7, 59290, 0, 76, 691.0, 691.0, 1.2257597684515196
1000, 1, 10, 10, 0, 0.009336269607234637, 1148, 100.0, 156, 7, 80360, 0, 93, 691.0, 691.0, 1.6613603473227208
1000, 1, 10, 10, 0, 0.009497379945849482, 729, 100.0, 138, 7, 51030, 0, 70, 691.0, 691.0, 1.0549927641099854
1000, 1, 10, 10, 0, 0.009205340275927867, 693, 100.0, 418, 7, 48510, 0, 85, 691.0, 691.0, 1.0028943560057888
1000, 1, 10, 10, 0, 0.00887336462142428, 699, 100.0, 193, 7, 48930, 0, 68, 691.0, 691.0, 1.0115774240231548
1000, 1, 10, 10, 0, 0.00905978382792959, 895, 100.0, 370, 7, 62650, 0, 67, 691.0, 691.0, 1.2952243125904486
1000, 1, 10, 10, 0, 0.008936060492229453, 926, 100.0, 343, 7, 64820, 0, 62, 691.0, 691.0, 1.3400868306801736
1000, 1, 10, 10, 0, 0.009043121792681654, 602, 100.0, 206, 7, 42140, 0, 52, 691.0, 691.0, 0.8712011577424024
1000, 1, 10, 10, 0, 0.00937518498802018, 670, 100.0, 276, 7, 46900, 0, 68, 691.0, 691.0, 0.9696092619392185
1000, 1, 10, 10, 0, 0.009087504475067102, 874, 100.0, 248, 7, 61180, 0, 93, 691.0, 691.0, 1.264833574529667
1000, 1, 10, 10, 0, 0.009276079992232249, 783, 100.0, 229, 7, 54810, 0, 79, 691.0, 691.0, 1.1331403762662808
1000, 1, 10, 10, 0, 0.009780199771213392, 916, 100.0, 301, 7, 64120, 0, 131, 691.0, 691.0, 1.32561505065123
1000, 1, 10, 10, 0, 0.009651569380986219, 683, 100.0, 267, 7, 47810, 0, 81, 691.0, 691.0, 0.9884225759768451
