1000, 4, 5, 5, 3, 0.00456663565192977, 295, 100.0, 90, 2971, 12, 2971.0, 4, 346.0, 0.8526011560693642
1000, 4, 5, 5, 3, 0.004953832893113084, 412, 100.0, 62, 4159, 22, 4159.0, 4, 346.0, 1.1907514450867052
1000, 4, 5, 5, 3, 0.005440999690883596, 362, 100.0, 58, 3671, 36, 3671.0, 4, 346.0, 1.046242774566474
1000, 4, 5, 5, 3, 0.004812902560116186, 395, 100.0, 187, 3988, 24, 3988.0, 4, 346.0, 1.1416184971098267
1000, 4, 5, 5, 3, 0.004032417990506227, 368, 100.0, 73, 3718, 24, 3718.0, 4, 346.0, 1.0635838150289016
1000, 4, 5, 5, 3, 0.004282026551879493, 333, 100.0, 53, 3358, 12, 3358.0, 4, 346.0, 0.9624277456647399
1000, 4, 5, 5, 3, 0.0044600060457258605, 357, 100.0, 135, 3591, 18, 3591.0, 4, 346.0, 1.0317919075144508
1000, 4, 5, 5, 3, 0.0042728931199519414, 321, 100.0, 66, 3230, 18, 3230.0, 4, 346.0, 0.9277456647398844
1000, 4, 5, 5, 3, 0.004653603749191991, 454, 100.0, 55, 4579, 24, 4579.0, 4, 346.0, 1.3121387283236994
1000, 4, 5, 5, 3, 0.004162943738408132, 436, 100.0, 125, 4389, 18, 4389.0, 4, 346.0, 1.260115606936416
1000, 4, 5, 5, 3, 0.004721902895006611, 331, 100.0, 47, 3377, 44, 3377.0, 4, 346.0, 0.9566473988439307
1000, 4, 5, 5, 3, 0.005093196672608437, 358, 100.0, 59, 3614, 12, 3614.0, 4, 346.0, 1.0346820809248556
1000, 4, 5, 5, 3, 0.004617649833826307, 525, 100.0, 157, 5285, 6, 5285.0, 4, 346.0, 1.5173410404624277
1000, 4, 5, 5, 3, 0.0045864752077987335, 351, 100.0, 117, 3521, 6, 3521.0, 4, 346.0, 1.0144508670520231
1000, 4, 5, 5, 3, 0.004298647757471288, 501, 100.0, 73, 5075, 30, 5075.0, 4, 346.0, 1.4479768786127167
1000, 4, 5, 5, 3, 0.004433843036048919, 304, 100.0, 42, 3079, 18, 3079.0, 4, 346.0, 0.8786127167630058
1000, 4, 5, 5, 3, 0.0042800256932609875, 391, 100.0, 65, 3949, 20, 3949.0, 4, 346.0, 1.130057803468208
1000, 4, 5, 5, 3, 0.004269563524710582, 269, 100.0, 206, 2711, 6, 2711.0, 4, 346.0, 0.7774566473988439
1000, 4, 5, 5, 3, 0.004191620062943592, 338, 100.0, 48, 3396, 8, 3396.0, 4, 346.0, 0.976878612716763
1000, 4, 5, 5, 3, 0.005122273723009022, 344, 100.0, 120, 3469, 22, 3469.0, 4, 346.0, 0.9942196531791907
1000, 4, 5, 5, 3, 0.004598642452318927, 368, 100.0, 137, 3705, 6, 3705.0, 4, 346.0, 1.0635838150289016
1000, 4, 5, 5, 3, 0.005523635557768686, 355, 100.0, 116, 3592, 32, 3592.0, 4, 346.0, 1.0260115606936415
1000, 4, 5, 5, 3, 0.0042560388141270515, 375, 100.0, 159, 3764, 12, 3764.0, 4, 346.0, 1.083815028901734
1000, 4, 5, 5, 3, 0.004883057160417846, 354, 100.0, 82, 3574, 20, 3574.0, 4, 346.0, 1.023121387283237
1000, 4, 5, 5, 3, 0.003944671341730163, 473, 100.0, 69, 4796, 32, 4796.0, 4, 346.0, 1.3670520231213872
1000, 4, 5, 5, 3, 0.004458960995145205, 351, 100.0, 132, 3539, 10, 3539.0, 4, 346.0, 1.0144508670520231
1000, 4, 5, 5, 3, 0.005524069394657629, 359, 100.0, 67, 3652, 38, 3652.0, 4, 346.0, 1.0375722543352601
1000, 4, 5, 5, 3, 0.004301959968136438, 378, 100.0, 178, 3806, 12, 3806.0, 4, 346.0, 1.092485549132948
1000, 4, 5, 5, 3, 0.004696156213067978, 491, 100.0, 118, 4968, 36, 4968.0, 4, 346.0, 1.4190751445086704
1000, 4, 5, 5, 3, 0.004400431104842872, 409, 100.0, 83, 4120, 12, 4120.0, 4, 346.0, 1.1820809248554913
1000, 4, 5, 5, 3, 0.0047745399638201525, 339, 100.0, 68, 3420, 24, 3420.0, 4, 346.0, 0.9797687861271677
1000, 4, 5, 5, 3, 0.004132479448655917, 333, 100.0, 54, 3384, 30, 3384.0, 4, 346.0, 0.9624277456647399
1000, 4, 5, 5, 3, 0.0050708987091340075, 379, 100.0, 14, 3826, 24, 3826.0, 4, 346.0, 1.0953757225433527
1000, 4, 5, 5, 3, 0.005107091927680165, 413, 100.0, 124, 4180, 32, 4180.0, 4, 346.0, 1.19364161849711
1000, 4, 5, 5, 3, 0.004366584804084805, 373, 100.0, 27, 3762, 18, 3762.0, 4, 346.0, 1.0780346820809248
1000, 4, 5, 5, 3, 0.004447033032327146, 314, 100.0, 85, 3194, 44, 3194.0, 4, 346.0, 0.9075144508670521
1000, 4, 5, 5, 3, 0.004506689883044375, 387, 100.0, 34, 3928, 32, 3928.0, 4, 346.0, 1.1184971098265897
1000, 4, 5, 5, 3, 0.004393609495080085, 327, 100.0, 66, 3319, 32, 3319.0, 4, 346.0, 0.9450867052023122
1000, 4, 5, 5, 3, 0.005089136680313157, 332, 100.0, 37, 3350, 16, 3350.0, 4, 346.0, 0.9595375722543352
1000, 4, 5, 5, 3, 0.004411609387344685, 403, 100.0, 113, 4054, 12, 4054.0, 4, 346.0, 1.1647398843930636
1000, 4, 5, 5, 3, 0.004497824152971213, 405, 100.0, 52, 4103, 32, 4103.0, 4, 346.0, 1.170520231213873
1000, 4, 5, 5, 3, 0.004704991985139047, 410, 100.0, 59, 4136, 20, 4136.0, 4, 346.0, 1.1849710982658959
1000, 4, 5, 5, 3, 0.0039955146203985185, 319, 100.0, 38, 3217, 18, 3217.0, 4, 346.0, 0.9219653179190751
1000, 4, 5, 5, 3, 0.003649714174714176, 340, 100.0, 106, 3442, 28, 3442.0, 4, 346.0, 0.9826589595375722
1000, 4, 5, 5, 3, 0.004350915506062565, 323, 100.0, 148, 3257, 14, 3257.0, 4, 346.0, 0.9335260115606936
1000, 4, 5, 5, 3, 0.004962505141916911, 411, 100.0, 47, 4124, 6, 4124.0, 4, 346.0, 1.1878612716763006
1000, 4, 5, 5, 3, 0.004329824810552366, 357, 100.0, 60, 3582, 12, 3582.0, 4, 346.0, 1.0317919075144508
1000, 4, 5, 5, 3, 0.004266877017031817, 442, 100.0, 37, 4452, 18, 4452.0, 4, 346.0, 1.277456647398844
1000, 4, 5, 5, 3, 0.004804617707713681, 352, 100.0, 73, 3545, 16, 3545.0, 4, 346.0, 1.0173410404624277
1000, 4, 5, 5, 3, 0.005034280996781003, 360, 100.0, 209, 3619, 18, 3619.0, 4, 346.0, 1.0404624277456647
1000, 4, 5, 5, 3, 0.004453591996239056, 318, 100.0, 20, 3217, 18, 3217.0, 4, 346.0, 0.9190751445086706
1000, 4, 5, 5, 3, 0.004588124788008692, 368, 100.0, 46, 3719, 18, 3719.0, 4, 346.0, 1.0635838150289016
1000, 4, 5, 5, 3, 0.004259784560984254, 426, 100.0, 69, 4314, 40, 4314.0, 4, 346.0, 1.23121387283237
1000, 4, 5, 5, 3, 0.004582891699803467, 360, 100.0, 125, 3639, 18, 3639.0, 4, 346.0, 1.0404624277456647
1000, 4, 5, 5, 3, 0.004384681984681982, 450, 100.0, 49, 4542, 26, 4542.0, 4, 346.0, 1.300578034682081
1000, 4, 5, 5, 3, 0.004063848705760471, 322, 100.0, 61, 3250, 22, 3250.0, 4, 346.0, 0.930635838150289
1000, 4, 5, 5, 3, 0.003982478958949544, 362, 100.0, 109, 3649, 16, 3649.0, 4, 346.0, 1.046242774566474
1000, 4, 5, 5, 3, 0.004867508411780858, 422, 100.0, 67, 4249, 16, 4249.0, 4, 346.0, 1.2196531791907514
1000, 4, 5, 5, 3, 0.004417110138743266, 303, 100.0, 58, 3062, 12, 3062.0, 4, 346.0, 0.8757225433526011
1000, 4, 5, 5, 3, 0.004581531703590525, 416, 100.0, 46, 4182, 14, 4182.0, 4, 346.0, 1.2023121387283238
1000, 4, 5, 5, 3, 0.004054723217958512, 570, 100.0, 139, 5758, 24, 5758.0, 4, 346.0, 1.6473988439306357
1000, 4, 5, 5, 3, 0.004226613990584578, 346, 100.0, 124, 3497, 26, 3497.0, 4, 346.0, 1.0
1000, 4, 5, 5, 3, 0.004506929018693726, 379, 100.0, 119, 3847, 30, 3847.0, 4, 346.0, 1.0953757225433527
1000, 4, 5, 5, 3, 0.003884517035252328, 350, 100.0, 105, 3530, 12, 3530.0, 4, 346.0, 1.0115606936416186
1000, 4, 5, 5, 3, 0.004457361429420254, 317, 100.0, 68, 3258, 48, 3258.0, 4, 346.0, 0.9161849710982659
1000, 4, 5, 5, 3, 0.0046681143203202045, 369, 100.0, 59, 3718, 12, 3718.0, 4, 346.0, 1.0664739884393064
1000, 4, 5, 5, 3, 0.004669563769563774, 335, 100.0, 24, 3406, 22, 3406.0, 4, 346.0, 0.9682080924855492
1000, 4, 5, 5, 3, 0.004743654917493927, 394, 100.0, 66, 3982, 24, 3982.0, 4, 346.0, 1.138728323699422
1000, 4, 5, 5, 3, 0.004335344639021107, 394, 100.0, 39, 3959, 12, 3959.0, 4, 346.0, 1.138728323699422
1000, 4, 5, 5, 3, 0.004869456098596967, 569, 100.0, 66, 5760, 54, 5760.0, 4, 346.0, 1.6445086705202312
1000, 4, 5, 5, 3, 0.004182024571575653, 415, 100.0, 238, 4176, 8, 4176.0, 4, 346.0, 1.199421965317919
1000, 4, 5, 5, 3, 0.004184749607118027, 362, 100.0, 69, 3652, 24, 3652.0, 4, 346.0, 1.046242774566474
1000, 4, 5, 5, 3, 0.004451264013764018, 358, 100.0, 91, 3606, 24, 3606.0, 4, 346.0, 1.0346820809248556
1000, 4, 5, 5, 3, 0.004667755855255854, 323, 100.0, 84, 3260, 24, 3260.0, 4, 346.0, 0.9335260115606936
1000, 4, 5, 5, 3, 0.004582380691204224, 437, 100.0, 111, 4424, 30, 4424.0, 4, 346.0, 1.2630057803468209
1000, 4, 5, 5, 3, 0.003984315276227038, 476, 100.0, 155, 4790, 12, 4790.0, 4, 346.0, 1.3757225433526012
1000, 4, 5, 5, 3, 0.004163563397386927, 332, 100.0, 111, 3355, 16, 3355.0, 4, 346.0, 0.9595375722543352
1000, 4, 5, 5, 3, 0.004336820124320124, 320, 100.0, 149, 3239, 18, 3239.0, 4, 346.0, 0.9248554913294798
1000, 4, 5, 5, 3, 0.004167436914650536, 335, 100.0, 55, 3384, 18, 3384.0, 4, 346.0, 0.9682080924855492
1000, 4, 5, 5, 3, 0.0049383066280125135, 386, 100.0, 48, 3903, 28, 3903.0, 4, 346.0, 1.115606936416185
1000, 4, 5, 5, 3, 0.004096439426586484, 432, 100.0, 94, 4342, 12, 4342.0, 4, 346.0, 1.2485549132947977
1000, 4, 5, 5, 3, 0.00396786326418679, 480, 100.0, 41, 4866, 36, 4866.0, 4, 346.0, 1.3872832369942196
1000, 4, 5, 5, 3, 0.005153150384187538, 350, 100.0, 156, 3559, 42, 3559.0, 4, 346.0, 1.0115606936416186
1000, 4, 5, 5, 3, 0.004745709600856661, 440, 100.0, 40, 4426, 12, 4426.0, 4, 346.0, 1.2716763005780347
1000, 4, 5, 5, 3, 0.004722487643075879, 311, 100.0, 75, 3130, 12, 3130.0, 4, 346.0, 0.8988439306358381
1000, 4, 5, 5, 3, 0.00433747396394455, 314, 100.0, 174, 3170, 16, 3170.0, 4, 346.0, 0.9075144508670521
1000, 4, 5, 5, 3, 0.004965300385888616, 435, 100.0, 111, 4373, 16, 4373.0, 4, 346.0, 1.2572254335260116
1000, 4, 5, 5, 3, 0.004505396156131449, 448, 100.0, 68, 4504, 8, 4504.0, 4, 346.0, 1.2947976878612717
1000, 4, 5, 5, 3, 0.004339153085476614, 388, 100.0, 60, 3915, 24, 3915.0, 4, 346.0, 1.1213872832369942
1000, 4, 5, 5, 3, 0.004516790824414662, 403, 100.0, 119, 4070, 12, 4070.0, 4, 346.0, 1.1647398843930636
1000, 4, 5, 5, 3, 0.003860491632550454, 442, 100.0, 48, 4467, 26, 4467.0, 4, 346.0, 1.277456647398844
1000, 4, 5, 5, 3, 0.004086872196431019, 493, 100.0, 83, 4982, 34, 4982.0, 4, 346.0, 1.4248554913294798
1000, 4, 5, 5, 3, 0.004179043239182555, 339, 100.0, 76, 3422, 22, 3422.0, 4, 346.0, 0.9797687861271677
1000, 4, 5, 5, 3, 0.004740622513881029, 343, 100.0, 218, 3438, 6, 3438.0, 4, 346.0, 0.9913294797687862
1000, 4, 5, 5, 3, 0.004243524037022489, 379, 100.0, 20, 3860, 40, 3860.0, 4, 346.0, 1.0953757225433527
1000, 4, 5, 5, 3, 0.004807752949664719, 466, 100.0, 36, 4679, 6, 4679.0, 4, 346.0, 1.346820809248555
1000, 4, 5, 5, 3, 0.005089764239028954, 475, 100.0, 78, 4757, 6, 4757.0, 4, 346.0, 1.3728323699421965
1000, 4, 5, 5, 3, 0.005298520841903198, 404, 100.0, 52, 4071, 4, 4071.0, 4, 346.0, 1.1676300578034682
1000, 4, 5, 5, 3, 0.004820648284464079, 570, 100.0, 92, 5745, 30, 5745.0, 4, 346.0, 1.6473988439306357
1000, 4, 5, 5, 3, 0.004686194197958904, 333, 100.0, 224, 3355, 10, 3355.0, 4, 346.0, 0.9624277456647399
