1000, 4, 5, 5, 0, 0.003959260592348825, 408, 100.0, 187, 4070, 0, 4070.0, 45, 346.0, 1.1791907514450868
1000, 4, 5, 5, 0, 0.0045012586269939205, 369, 100.0, 140, 3680, 0, 3680.0, 37, 346.0, 1.0664739884393064
1000, 4, 5, 5, 0, 0.004224046460075869, 448, 100.0, 262, 4470, 0, 4470.0, 19, 346.0, 1.2947976878612717
1000, 4, 5, 5, 0, 0.004980803591833007, 359, 100.0, 154, 3580, 0, 3580.0, 34, 346.0, 1.0375722543352601
1000, 4, 5, 5, 0, 0.003947786041787587, 383, 100.0, 50, 3820, 0, 3820.0, 12, 346.0, 1.106936416184971
1000, 4, 5, 5, 0, 0.0047732945159415785, 421, 100.0, 138, 4210, 0, 4210.0, 24, 346.0, 1.216763005780347
1000, 4, 5, 5, 0, 0.005330207537560484, 410, 100.0, 151, 4090, 0, 4090.0, 23, 346.0, 1.1849710982658959
1000, 4, 5, 5, 0, 0.00494921140950553, 441, 100.0, 172, 4400, 0, 4400.0, 36, 346.0, 1.2745664739884393
1000, 4, 5, 5, 0, 0.004243252417517122, 412, 100.0, 77, 4110, 0, 4110.0, 28, 346.0, 1.1907514450867052
1000, 4, 5, 5, 0, 0.004909599877246941, 328, 100.0, 202, 3270, 0, 3270.0, 25, 346.0, 0.9479768786127167
1000, 4, 5, 5, 0, 0.0039908187400834435, 368, 100.0, 60, 3670, 0, 3670.0, 31, 346.0, 1.0635838150289016
1000, 4, 5, 5, 0, 0.004816190796647456, 478, 100.0, 151, 4770, 0, 4770.0, 44, 346.0, 1.3815028901734103
1000, 4, 5, 5, 0, 0.004783005943145262, 405, 100.0, 136, 4040, 0, 4040.0, 32, 346.0, 1.170520231213873
1000, 4, 5, 5, 0, 0.004639149739149741, 368, 100.0, 76, 3670, 0, 3670.0, 38, 346.0, 1.0635838150289016
1000, 4, 5, 5, 0, 0.005272459648194946, 441, 100.0, 38, 4400, 0, 4400.0, 28, 346.0, 1.2745664739884393
1000, 4, 5, 5, 0, 0.004407225298519553, 474, 100.0, 178, 4730, 0, 4730.0, 40, 346.0, 1.369942196531792
1000, 4, 5, 5, 0, 0.0050833816510287115, 320, 100.0, 315, 3190, 0, 3190.0, 26, 346.0, 0.9248554913294798
1000, 4, 5, 5, 0, 0.004193242786625139, 320, 100.0, 162, 3190, 0, 3190.0, 25, 346.0, 0.9248554913294798
1000, 4, 5, 5, 0, 0.004361552744640979, 453, 100.0, 77, 4520, 0, 4520.0, 40, 346.0, 1.3092485549132948
1000, 4, 5, 5, 0, 0.004913955897044138, 337, 100.0, 134, 3360, 0, 3360.0, 37, 346.0, 0.9739884393063584
1000, 4, 5, 5, 0, 0.004289644239489438, 389, 100.0, 199, 3880, 0, 3880.0, 34, 346.0, 1.1242774566473988
1000, 4, 5, 5, 0, 0.004843440301528542, 369, 100.0, 44, 3680, 0, 3680.0, 48, 346.0, 1.0664739884393064
1000, 4, 5, 5, 0, 0.005375429064399658, 318, 100.0, 67, 3170, 0, 3170.0, 32, 346.0, 0.9190751445086706
1000, 4, 5, 5, 0, 0.004147523636494223, 446, 100.0, 53, 4450, 0, 4450.0, 34, 346.0, 1.2890173410404624
1000, 4, 5, 5, 0, 0.004702351243527712, 364, 100.0, 109, 3630, 0, 3630.0, 19, 346.0, 1.0520231213872833
1000, 4, 5, 5, 0, 0.005427933998406137, 348, 100.0, 176, 3470, 0, 3470.0, 35, 346.0, 1.0057803468208093
1000, 4, 5, 5, 0, 0.004986106540518309, 430, 100.0, 98, 4290, 0, 4290.0, 28, 346.0, 1.2427745664739884
1000, 4, 5, 5, 0, 0.004971616515579363, 427, 100.0, 176, 4260, 0, 4260.0, 22, 346.0, 1.2341040462427746
1000, 4, 5, 5, 0, 0.004375973944356299, 356, 100.0, 145, 3550, 0, 3550.0, 13, 346.0, 1.0289017341040463
1000, 4, 5, 5, 0, 0.004469535856300563, 537, 100.0, 378, 5360, 0, 5360.0, 34, 346.0, 1.5520231213872833
1000, 4, 5, 5, 0, 0.004553423782100251, 409, 100.0, 65, 4080, 0, 4080.0, 28, 346.0, 1.1820809248554913
1000, 4, 5, 5, 0, 0.004661563436563435, 449, 100.0, 153, 4480, 0, 4480.0, 54, 346.0, 1.2976878612716762
1000, 4, 5, 5, 0, 0.0038340726267196835, 398, 100.0, 274, 3970, 0, 3970.0, 16, 346.0, 1.1502890173410405
1000, 4, 5, 5, 0, 0.004239614144025909, 413, 100.0, 180, 4120, 0, 4120.0, 28, 346.0, 1.19364161849711
1000, 4, 5, 5, 0, 0.0040448939948939935, 367, 100.0, 60, 3660, 0, 3660.0, 21, 346.0, 1.060693641618497
1000, 4, 5, 5, 0, 0.00518859439494115, 372, 100.0, 157, 3710, 0, 3710.0, 23, 346.0, 1.0751445086705202
1000, 4, 5, 5, 0, 0.004375096983340015, 353, 100.0, 204, 3520, 0, 3520.0, 15, 346.0, 1.0202312138728324
1000, 4, 5, 5, 0, 0.004803505807917576, 432, 100.0, 139, 4310, 0, 4310.0, 37, 346.0, 1.2485549132947977
1000, 4, 5, 5, 0, 0.004131059055323761, 403, 100.0, 90, 4020, 0, 4020.0, 17, 346.0, 1.1647398843930636
1000, 4, 5, 5, 0, 0.0041984699124405014, 395, 100.0, 80, 3940, 0, 3940.0, 26, 346.0, 1.1416184971098267
1000, 4, 5, 5, 0, 0.004415414324237857, 396, 100.0, 109, 3950, 0, 3950.0, 39, 346.0, 1.1445086705202312
1000, 4, 5, 5, 0, 0.0044447411248881834, 328, 100.0, 47, 3270, 0, 3270.0, 42, 346.0, 0.9479768786127167
1000, 4, 5, 5, 0, 0.004345474975660734, 572, 100.0, 103, 5710, 0, 5710.0, 42, 346.0, 1.653179190751445
1000, 4, 5, 5, 0, 0.004415971854942446, 416, 100.0, 158, 4150, 0, 4150.0, 38, 346.0, 1.2023121387283238
1000, 4, 5, 5, 0, 0.004632366000013064, 431, 100.0, 309, 4300, 0, 4300.0, 31, 346.0, 1.245664739884393
1000, 4, 5, 5, 0, 0.004082506610176887, 324, 100.0, 150, 3230, 0, 3230.0, 30, 346.0, 0.9364161849710982
1000, 4, 5, 5, 0, 0.004424232874968168, 408, 100.0, 133, 4070, 0, 4070.0, 27, 346.0, 1.1791907514450868
1000, 4, 5, 5, 0, 0.004473285864462336, 327, 100.0, 101, 3260, 0, 3260.0, 29, 346.0, 0.9450867052023122
1000, 4, 5, 5, 0, 0.004283833568392392, 421, 100.0, 201, 4200, 0, 4200.0, 47, 346.0, 1.216763005780347
1000, 4, 5, 5, 0, 0.00458053413304961, 377, 100.0, 297, 3760, 0, 3760.0, 19, 346.0, 1.0895953757225434
1000, 4, 5, 5, 0, 0.004246768346033048, 430, 100.0, 66, 4290, 0, 4290.0, 40, 346.0, 1.2427745664739884
1000, 4, 5, 5, 0, 0.004384582411052997, 360, 100.0, 98, 3590, 0, 3590.0, 29, 346.0, 1.0404624277456647
1000, 4, 5, 5, 0, 0.004618912741884877, 446, 100.0, 96, 4450, 0, 4450.0, 41, 346.0, 1.2890173410404624
1000, 4, 5, 5, 0, 0.0050616199160316835, 517, 100.0, 97, 5160, 0, 5160.0, 52, 346.0, 1.4942196531791907
1000, 4, 5, 5, 0, 0.004438048226283522, 384, 100.0, 230, 3830, 0, 3830.0, 22, 346.0, 1.1098265895953756
1000, 4, 5, 5, 0, 0.0047710357453004506, 361, 100.0, 81, 3600, 0, 3600.0, 28, 346.0, 1.0433526011560694
1000, 4, 5, 5, 0, 0.004101242733015176, 402, 100.0, 99, 4010, 0, 4010.0, 28, 346.0, 1.1618497109826589
1000, 4, 5, 5, 0, 0.004726830913324725, 576, 100.0, 93, 5750, 0, 5750.0, 65, 346.0, 1.6647398843930636
1000, 4, 5, 5, 0, 0.004089975873799402, 629, 100.0, 187, 6280, 0, 6280.0, 52, 346.0, 1.8179190751445087
1000, 4, 5, 5, 0, 0.003965768910312252, 427, 100.0, 136, 4260, 0, 4260.0, 37, 346.0, 1.2341040462427746
1000, 4, 5, 5, 0, 0.004394242831471932, 367, 100.0, 110, 3660, 0, 3660.0, 38, 346.0, 1.060693641618497
1000, 4, 5, 5, 0, 0.004726941771678618, 343, 100.0, 108, 3420, 0, 3420.0, 28, 346.0, 0.9913294797687862
1000, 4, 5, 5, 0, 0.0045770308939426605, 438, 100.0, 180, 4370, 0, 4370.0, 31, 346.0, 1.2658959537572254
1000, 4, 5, 5, 0, 0.004538919151883547, 340, 100.0, 263, 3390, 0, 3390.0, 13, 346.0, 0.9826589595375722
1000, 4, 5, 5, 0, 0.005048373891330548, 334, 100.0, 123, 3330, 0, 3330.0, 22, 346.0, 0.9653179190751445
1000, 4, 5, 5, 0, 0.0058196379815574914, 398, 100.0, 155, 3970, 0, 3970.0, 30, 346.0, 1.1502890173410405
1000, 4, 5, 5, 0, 0.004514608349167178, 470, 100.0, 70, 4690, 0, 4690.0, 27, 346.0, 1.3583815028901733
1000, 4, 5, 5, 0, 0.004652678122531061, 384, 100.0, 100, 3830, 0, 3830.0, 22, 346.0, 1.1098265895953756
1000, 4, 5, 5, 0, 0.003911889456432798, 399, 100.0, 179, 3980, 0, 3980.0, 20, 346.0, 1.153179190751445
1000, 4, 5, 5, 0, 0.005258908575085051, 409, 100.0, 146, 4080, 0, 4080.0, 24, 346.0, 1.1820809248554913
1000, 4, 5, 5, 0, 0.004573280954511607, 351, 100.0, 248, 3500, 0, 3500.0, 17, 346.0, 1.0144508670520231
1000, 4, 5, 5, 0, 0.004372347037207719, 413, 100.0, 58, 4120, 0, 4120.0, 23, 346.0, 1.19364161849711
1000, 4, 5, 5, 0, 0.0045567412592567415, 324, 100.0, 130, 3230, 0, 3230.0, 23, 346.0, 0.9364161849710982
1000, 4, 5, 5, 0, 0.004589158635482162, 406, 100.0, 208, 4050, 0, 4050.0, 31, 346.0, 1.1734104046242775
1000, 4, 5, 5, 0, 0.004415366577866578, 405, 100.0, 222, 4040, 0, 4040.0, 21, 346.0, 1.170520231213873
1000, 4, 5, 5, 0, 0.0052802073528466715, 372, 100.0, 97, 3710, 0, 3710.0, 36, 346.0, 1.0751445086705202
1000, 4, 5, 5, 0, 0.004366242417713005, 454, 100.0, 104, 4530, 0, 4530.0, 24, 346.0, 1.3121387283236994
1000, 4, 5, 5, 0, 0.004417506676330201, 349, 100.0, 128, 3480, 0, 3480.0, 32, 346.0, 1.0086705202312138
1000, 4, 5, 5, 0, 0.005281303745274337, 395, 100.0, 131, 3940, 0, 3940.0, 22, 346.0, 1.1416184971098267
1000, 4, 5, 5, 0, 0.0045953050217756135, 458, 100.0, 320, 4570, 0, 4570.0, 18, 346.0, 1.323699421965318
1000, 4, 5, 5, 0, 0.004516396920073388, 363, 100.0, 363, 3620, 0, 3620.0, 22, 346.0, 1.0491329479768785
1000, 4, 5, 5, 0, 0.004593490762763211, 351, 100.0, 70, 3500, 0, 3500.0, 30, 346.0, 1.0144508670520231
1000, 4, 5, 5, 0, 0.004577136752136755, 368, 100.0, 165, 3670, 0, 3670.0, 34, 346.0, 1.0635838150289016
1000, 4, 5, 5, 0, 0.005000929540016231, 480, 100.0, 33, 4790, 0, 4790.0, 40, 346.0, 1.3872832369942196
1000, 4, 5, 5, 0, 0.004754431026489848, 347, 100.0, 133, 3460, 0, 3460.0, 8, 346.0, 1.0028901734104045
1000, 4, 5, 5, 0, 0.0037011915801776463, 407, 100.0, 233, 4060, 0, 4060.0, 25, 346.0, 1.176300578034682
1000, 4, 5, 5, 0, 0.004706197152520682, 376, 100.0, 315, 3750, 0, 3750.0, 16, 346.0, 1.0867052023121386
1000, 4, 5, 5, 0, 0.004173185964362434, 306, 100.0, 107, 3050, 0, 3050.0, 13, 346.0, 0.884393063583815
1000, 4, 5, 5, 0, 0.00502485935117514, 371, 100.0, 125, 3700, 0, 3700.0, 37, 346.0, 1.0722543352601157
1000, 4, 5, 5, 0, 0.004605257466132083, 451, 100.0, 135, 4500, 0, 4500.0, 24, 346.0, 1.3034682080924855
1000, 4, 5, 5, 0, 0.004189531302031302, 379, 100.0, 332, 3780, 0, 3780.0, 21, 346.0, 1.0953757225433527
1000, 4, 5, 5, 0, 0.003963658155569919, 407, 100.0, 299, 4060, 0, 4060.0, 40, 346.0, 1.176300578034682
1000, 4, 5, 5, 0, 0.004613419342095814, 523, 100.0, 118, 5220, 0, 5220.0, 37, 346.0, 1.5115606936416186
1000, 4, 5, 5, 0, 0.004495345830639946, 514, 100.0, 197, 5130, 0, 5130.0, 21, 346.0, 1.4855491329479769
1000, 4, 5, 5, 0, 0.004060985419808947, 377, 100.0, 62, 3760, 0, 3760.0, 10, 346.0, 1.0895953757225434
1000, 4, 5, 5, 0, 0.00423884506016859, 380, 100.0, 192, 3790, 0, 3790.0, 37, 346.0, 1.0982658959537572
1000, 4, 5, 5, 0, 0.004413777643924704, 409, 100.0, 213, 4080, 0, 4080.0, 28, 346.0, 1.1820809248554913
1000, 4, 5, 5, 0, 0.004786476595300129, 398, 100.0, 24, 3970, 0, 3970.0, 36, 346.0, 1.1502890173410405
1000, 4, 5, 5, 0, 0.004943035722447493, 374, 100.0, 92, 3730, 0, 3730.0, 20, 346.0, 1.0809248554913296
1000, 4, 5, 5, 0, 0.004861948345771877, 338, 100.0, 58, 3370, 0, 3370.0, 27, 346.0, 0.976878612716763
