1000, 1, 5, 5, 0, 0.003840074837443257, 1369, 100.0, 129, 34229, 0, 34229.0, 6, 1382.0, 0.9905933429811867
1000, 1, 5, 5, 0, 0.004075717501452796, 1373, 100.0, 718, 34324, 0, 34324.0, 6, 1382.0, 0.9934876989869754
1000, 1, 5, 5, 0, 0.0048709573922809234, 1510, 100.0, 423, 37761, 0, 37761.0, 6, 1382.0, 1.0926193921852387
1000, 1, 5, 5, 0, 0.0039697493468004285, 1258, 100.0, 372, 31464, 0, 31464.0, 6, 1382.0, 0.91027496382055
1000, 1, 5, 5, 0, 0.004807879212290981, 1453, 100.0, 448, 36337, 0, 36337.0, 6, 1382.0, 1.0513748191027497
1000, 1, 5, 5, 0, 0.004793195856431152, 1553, 100.0, 949, 38829, 0, 38829.0, 6, 1382.0, 1.1237337192474675
1000, 1, 5, 5, 0, 0.005118702191341516, 1579, 100.0, 266, 39500, 0, 39500.0, 6, 1382.0, 1.142547033285094
1000, 1, 5, 5, 0, 0.0046491372189901604, 1268, 100.0, 625, 31705, 0, 31705.0, 6, 1382.0, 0.9175108538350217
1000, 1, 5, 5, 0, 0.004476056051791346, 1455, 100.0, 1175, 36374, 0, 36374.0, 6, 1382.0, 1.052821997105644
1000, 1, 5, 5, 0, 0.004287476657329599, 1106, 100.0, 735, 27644, 0, 27644.0, 6, 1382.0, 0.8002894356005789
1000, 1, 5, 5, 0, 0.0042495604670527275, 1495, 100.0, 972, 37398, 0, 37398.0, 6, 1382.0, 1.0817655571635312
1000, 1, 5, 5, 0, 0.0041916056982233465, 1410, 100.0, 272, 35259, 0, 35259.0, 6, 1382.0, 1.020260492040521
1000, 1, 5, 5, 0, 0.005380361670493264, 1490, 100.0, 409, 37260, 0, 37260.0, 6, 1382.0, 1.0781476121562952
1000, 1, 5, 5, 0, 0.004542978224905467, 1396, 100.0, 410, 34908, 0, 34908.0, 6, 1382.0, 1.0101302460202606
1000, 1, 5, 5, 0, 0.004192395431366021, 1583, 100.0, 776, 39591, 0, 39591.0, 6, 1382.0, 1.1454413892908828
1000, 1, 5, 5, 0, 0.004173959618812559, 1527, 100.0, 569, 38186, 0, 38186.0, 6, 1382.0, 1.104920405209841
1000, 1, 5, 5, 0, 0.004982053240876773, 1866, 100.0, 863, 46664, 0, 46664.0, 6, 1382.0, 1.3502170767004342
1000, 1, 5, 5, 0, 0.004084255205578734, 1244, 100.0, 367, 31101, 0, 31101.0, 6, 1382.0, 0.9001447178002895
1000, 1, 5, 5, 0, 0.0055960600673835995, 1450, 100.0, 483, 36257, 0, 36257.0, 6, 1382.0, 1.049204052098408
1000, 1, 5, 5, 0, 0.004286328927350598, 1631, 100.0, 701, 40779, 0, 40779.0, 6, 1382.0, 1.1801736613603473
1000, 1, 5, 5, 0, 0.004724445978857745, 1299, 100.0, 590, 32479, 0, 32479.0, 6, 1382.0, 0.9399421128798843
1000, 1, 5, 5, 0, 0.004571062515915459, 1747, 100.0, 332, 43695, 0, 43695.0, 6, 1382.0, 1.26410998552822
1000, 1, 5, 5, 0, 0.004437383492840149, 1367, 100.0, 347, 34179, 0, 34179.0, 6, 1382.0, 0.9891461649782923
1000, 1, 5, 5, 0, 0.004613765401265403, 1260, 100.0, 327, 31512, 0, 31512.0, 6, 1382.0, 0.9117221418234442
1000, 1, 5, 5, 0, 0.004004818036280884, 1415, 100.0, 281, 35378, 0, 35378.0, 6, 1382.0, 1.023878437047757
1000, 1, 5, 5, 0, 0.004510817983186405, 2289, 100.0, 509, 57254, 0, 57254.0, 6, 1382.0, 1.6562952243125904
1000, 1, 5, 5, 0, 0.004615307078542372, 1764, 100.0, 529, 44116, 0, 44116.0, 6, 1382.0, 1.276410998552822
1000, 1, 5, 5, 0, 0.004580734951323187, 1575, 100.0, 203, 39393, 0, 39393.0, 6, 1382.0, 1.1396526772793054
1000, 1, 5, 5, 0, 0.004349371461871461, 1590, 100.0, 238, 39771, 0, 39771.0, 6, 1382.0, 1.150506512301013
1000, 1, 5, 5, 0, 0.0044229831443066735, 2067, 100.0, 508, 51697, 0, 51697.0, 6, 1382.0, 1.495658465991317
1000, 1, 5, 5, 0, 0.004958996765188719, 1418, 100.0, 361, 35469, 0, 35469.0, 6, 1382.0, 1.0260492040520983
1000, 1, 5, 5, 0, 0.004855591995723578, 907, 100.0, 471, 22673, 0, 22673.0, 6, 1382.0, 0.6562952243125905
1000, 1, 5, 5, 0, 0.0039862361065147395, 1768, 100.0, 460, 44209, 0, 44209.0, 6, 1382.0, 1.2793053545586106
1000, 1, 5, 5, 0, 0.00392310540766423, 1832, 100.0, 554, 45812, 0, 45812.0, 6, 1382.0, 1.32561505065123
1000, 1, 5, 5, 0, 0.004158464329787861, 1367, 100.0, 486, 34189, 0, 34189.0, 6, 1382.0, 0.9891461649782923
1000, 1, 5, 5, 0, 0.004206595408375593, 1340, 100.0, 413, 33503, 0, 33503.0, 6, 1382.0, 0.9696092619392185
1000, 1, 5, 5, 0, 0.004112473066149535, 1510, 100.0, 426, 37761, 0, 37761.0, 6, 1382.0, 1.0926193921852387
1000, 1, 5, 5, 0, 0.00356754444386023, 2297, 100.0, 322, 57470, 0, 57470.0, 6, 1382.0, 1.662083936324168
1000, 1, 5, 5, 0, 0.004326011080422845, 1241, 100.0, 138, 31025, 0, 31025.0, 6, 1382.0, 0.8979739507959479
1000, 1, 5, 5, 0, 0.005216347764722383, 1313, 100.0, 137, 32841, 0, 32841.0, 6, 1382.0, 0.9500723589001447
1000, 1, 5, 5, 0, 0.004666190345602109, 1551, 100.0, 276, 38786, 0, 38786.0, 6, 1382.0, 1.122286541244573
1000, 1, 5, 5, 0, 0.004337229600464891, 1347, 100.0, 192, 33683, 0, 33683.0, 6, 1382.0, 0.9746743849493488
1000, 1, 5, 5, 0, 0.004457745973496748, 1573, 100.0, 293, 39338, 0, 39338.0, 6, 1382.0, 1.138205499276411
1000, 1, 5, 5, 0, 0.004805792981528275, 1525, 100.0, 792, 38131, 0, 38131.0, 6, 1382.0, 1.1034732272069465
1000, 1, 5, 5, 0, 0.004189628427128429, 1467, 100.0, 680, 36687, 0, 36687.0, 6, 1382.0, 1.0615050651230102
1000, 1, 5, 5, 0, 0.004244197877286112, 1451, 100.0, 316, 36293, 0, 36293.0, 6, 1382.0, 1.0499276410998553
1000, 1, 5, 5, 0, 0.004386986216397984, 1406, 100.0, 726, 35156, 0, 35156.0, 6, 1382.0, 1.0173661360347324
1000, 1, 5, 5, 0, 0.003323851148851147, 1606, 100.0, 307, 40172, 0, 40172.0, 6, 1382.0, 1.162083936324168
1000, 1, 5, 5, 0, 0.003960441768413901, 2108, 100.0, 263, 52717, 0, 52717.0, 6, 1382.0, 1.5253256150506513
1000, 1, 5, 5, 0, 0.004151262381409439, 1666, 100.0, 633, 41669, 0, 41669.0, 6, 1382.0, 1.2054992764109986
1000, 1, 5, 5, 0, 0.004410373939785701, 1581, 100.0, 414, 39542, 0, 39542.0, 6, 1382.0, 1.1439942112879884
1000, 1, 5, 5, 0, 0.00447540890482067, 1549, 100.0, 416, 38733, 0, 38733.0, 6, 1382.0, 1.1208393632416787
1000, 1, 5, 5, 0, 0.004245681442740264, 1429, 100.0, 402, 35734, 0, 35734.0, 6, 1382.0, 1.0340086830680173
1000, 1, 5, 5, 0, 0.004882752949664715, 1671, 100.0, 338, 41801, 0, 41801.0, 6, 1382.0, 1.2091172214182344
1000, 1, 5, 5, 0, 0.004921877610880168, 1210, 100.0, 440, 30254, 0, 30254.0, 6, 1382.0, 0.8755426917510853
1000, 1, 5, 5, 0, 0.005098838661338665, 1917, 100.0, 363, 47946, 0, 47946.0, 6, 1382.0, 1.3871201157742403
1000, 1, 5, 5, 0, 0.004728409662233197, 1497, 100.0, 615, 37436, 0, 37436.0, 6, 1382.0, 1.0832127351664256
1000, 1, 5, 5, 0, 0.004468197591881805, 1914, 100.0, 339, 47877, 0, 47877.0, 6, 1382.0, 1.3849493487698987
1000, 1, 5, 5, 0, 0.004437755871579402, 1656, 100.0, 641, 41410, 0, 41410.0, 6, 1382.0, 1.1982633863965269
1000, 1, 5, 5, 0, 0.005127876290376296, 1197, 100.0, 547, 29924, 0, 29924.0, 6, 1382.0, 0.8661360347322721
1000, 1, 5, 5, 0, 0.0038511942306059944, 1761, 100.0, 970, 44041, 0, 44041.0, 6, 1382.0, 1.2742402315484804
1000, 1, 5, 5, 0, 0.004326686222274459, 1336, 100.0, 326, 33405, 0, 33405.0, 6, 1382.0, 0.9667149059334298
1000, 1, 5, 5, 0, 0.004613923413188119, 1303, 100.0, 194, 32577, 0, 32577.0, 6, 1382.0, 0.942836468885673
1000, 1, 5, 5, 0, 0.004536646321514745, 1269, 100.0, 164, 31736, 0, 31736.0, 6, 1382.0, 0.9182344428364689
1000, 1, 5, 5, 0, 0.004350673591114766, 1386, 100.0, 1239, 34654, 0, 34654.0, 6, 1382.0, 1.0028943560057888
1000, 1, 5, 5, 0, 0.004411881625426518, 1206, 100.0, 195, 30156, 0, 30156.0, 6, 1382.0, 0.8726483357452967
1000, 1, 5, 5, 0, 0.0037424928442730274, 1324, 100.0, 255, 33111, 0, 33111.0, 6, 1382.0, 0.9580318379160637
1000, 1, 5, 5, 0, 0.005094276964865202, 1575, 100.0, 314, 39378, 0, 39378.0, 6, 1382.0, 1.1396526772793054
1000, 1, 5, 5, 0, 0.004407621055415172, 1768, 100.0, 452, 44204, 0, 44204.0, 6, 1382.0, 1.2793053545586106
1000, 1, 5, 5, 0, 0.0037819996996467566, 2037, 100.0, 371, 50945, 0, 50945.0, 6, 1382.0, 1.4739507959479017
1000, 1, 5, 5, 0, 0.004719349849496909, 1784, 100.0, 878, 44612, 0, 44612.0, 6, 1382.0, 1.2908827785817656
1000, 1, 5, 5, 0, 0.003962519425019423, 1950, 100.0, 644, 48780, 0, 48780.0, 6, 1382.0, 1.410998552821997
1000, 1, 5, 5, 0, 0.004895048986960751, 1196, 100.0, 238, 29917, 0, 29917.0, 6, 1382.0, 0.8654124457308249
1000, 1, 5, 5, 0, 0.0045293371661018714, 1721, 100.0, 546, 43038, 0, 43038.0, 6, 1382.0, 1.2452966714905933
1000, 1, 5, 5, 0, 0.003739796907598762, 1303, 100.0, 605, 32583, 0, 32583.0, 6, 1382.0, 0.942836468885673
1000, 1, 5, 5, 0, 0.0044989368689446075, 1686, 100.0, 100, 42167, 0, 42167.0, 6, 1382.0, 1.2199710564399422
1000, 1, 5, 5, 0, 0.005242855351562786, 1448, 100.0, 321, 36211, 0, 36211.0, 6, 1382.0, 1.0477568740955137
1000, 1, 5, 5, 0, 0.004367607555842848, 1584, 100.0, 272, 39611, 0, 39611.0, 6, 1382.0, 1.14616497829233
1000, 1, 5, 5, 0, 0.0048028328697446365, 1363, 100.0, 272, 34085, 0, 34085.0, 6, 1382.0, 0.9862518089725036
1000, 1, 5, 5, 0, 0.004892025642915736, 1854, 100.0, 433, 46366, 0, 46366.0, 6, 1382.0, 1.341534008683068
1000, 1, 5, 5, 0, 0.00465225407976956, 1417, 100.0, 666, 35438, 0, 35438.0, 6, 1382.0, 1.0253256150506513
1000, 1, 5, 5, 0, 0.004903474956416135, 1377, 100.0, 401, 34441, 0, 34441.0, 6, 1382.0, 0.9963820549927641
1000, 1, 5, 5, 0, 0.004497098816216461, 1467, 100.0, 520, 36686, 0, 36686.0, 6, 1382.0, 1.0615050651230102
1000, 1, 5, 5, 0, 0.004879815609227377, 1907, 100.0, 406, 47686, 0, 47686.0, 6, 1382.0, 1.3798842257597685
1000, 1, 5, 5, 0, 0.0035461924341568273, 1278, 100.0, 578, 31955, 0, 31955.0, 6, 1382.0, 0.9247467438494935
1000, 1, 5, 5, 0, 0.004710406423641723, 1326, 100.0, 1182, 33144, 0, 33144.0, 6, 1382.0, 0.959479015918958
1000, 1, 5, 5, 0, 0.004831922162804519, 1789, 100.0, 522, 44741, 0, 44741.0, 6, 1382.0, 1.2945007235890014
1000, 1, 5, 5, 0, 0.004763788988788992, 1654, 100.0, 811, 41367, 0, 41367.0, 6, 1382.0, 1.1968162083936325
1000, 1, 5, 5, 0, 0.004328573142543732, 1848, 100.0, 685, 46224, 0, 46224.0, 6, 1382.0, 1.3371924746743848
1000, 1, 5, 5, 0, 0.004637329517747477, 1386, 100.0, 732, 34657, 0, 34657.0, 6, 1382.0, 1.0028943560057888
1000, 1, 5, 5, 0, 0.004174030179486833, 1628, 100.0, 636, 40709, 0, 40709.0, 6, 1382.0, 1.1780028943560057
1000, 1, 5, 5, 0, 0.004209604692692924, 1550, 100.0, 585, 38755, 0, 38755.0, 6, 1382.0, 1.1215629522431259
1000, 1, 5, 5, 0, 0.004269551445286739, 1236, 100.0, 453, 30903, 0, 30903.0, 6, 1382.0, 0.894356005788712
1000, 1, 5, 5, 0, 0.005009878765025821, 1348, 100.0, 352, 33710, 0, 33710.0, 6, 1382.0, 0.975397973950796
1000, 1, 5, 5, 0, 0.004029980640274754, 1400, 100.0, 513, 35004, 0, 35004.0, 6, 1382.0, 1.0130246020260492
1000, 1, 5, 5, 0, 0.004912209080049642, 1653, 100.0, 248, 41337, 0, 41337.0, 6, 1382.0, 1.1960926193921853
1000, 1, 5, 5, 0, 0.004497991550932727, 1585, 100.0, 227, 39644, 0, 39644.0, 6, 1382.0, 1.1468885672937772
1000, 1, 5, 5, 0, 0.004490967121114183, 1305, 100.0, 447, 32639, 0, 32639.0, 6, 1382.0, 0.9442836468885673
1000, 1, 5, 5, 0, 0.004428535864720076, 1353, 100.0, 324, 33835, 0, 33835.0, 6, 1382.0, 0.9790159189580319
1000, 1, 5, 5, 0, 0.004335728487199082, 1420, 100.0, 1023, 35505, 0, 35505.0, 6, 1382.0, 1.0274963820549927
