1000, 8, 5, 5, 7, 0.0037812017660701835, 222, 100.0, 63, 2324, 112, 2324.0, 22, 173.0, 1.283236994219653
1000, 8, 5, 5, 7, 0.004239747915483206, 183, 100.0, 11, 2152, 312, 2152.0, 65, 173.0, 1.0578034682080926
1000, 8, 5, 5, 7, 0.004445598931512247, 216, 100.0, 50, 2302, 138, 2302.0, 22, 173.0, 1.2485549132947977
1000, 8, 5, 5, 7, 0.004631829488021439, 220, 100.0, 88, 2416, 210, 2416.0, 43, 173.0, 1.2716763005780347
1000, 8, 5, 5, 7, 0.005048564344152586, 250, 100.0, 109, 2794, 294, 2794.0, 44, 173.0, 1.4450867052023122
1000, 8, 5, 5, 7, 0.0050364113440738885, 193, 100.0, 55, 2104, 172, 2104.0, 25, 173.0, 1.115606936416185
1000, 8, 5, 5, 7, 0.003791478701037522, 222, 100.0, 91, 2412, 194, 2412.0, 31, 173.0, 1.283236994219653
1000, 8, 5, 5, 7, 0.0039303817097934715, 176, 100.0, 54, 1910, 140, 1910.0, 24, 173.0, 1.0173410404624277
1000, 8, 5, 5, 7, 0.00409040265290265, 224, 100.0, 114, 2438, 194, 2438.0, 30, 173.0, 1.2947976878612717
1000, 8, 5, 5, 7, 0.004082172157907451, 180, 100.0, 39, 1988, 196, 1988.0, 36, 173.0, 1.0404624277456647
1000, 8, 5, 5, 7, 0.004288860159448395, 191, 100.0, 40, 2010, 106, 2010.0, 24, 173.0, 1.1040462427745665
1000, 8, 5, 5, 7, 0.004037974851945439, 294, 100.0, 30, 3206, 264, 3206.0, 43, 173.0, 1.699421965317919
1000, 8, 5, 5, 7, 0.003920793095793093, 169, 100.0, 53, 2044, 350, 2044.0, 50, 173.0, 0.976878612716763
1000, 8, 5, 5, 7, 0.004079808182014063, 163, 100.0, 45, 1706, 84, 1706.0, 20, 173.0, 0.9421965317919075
1000, 8, 5, 5, 7, 0.00434226714977489, 188, 100.0, 49, 2014, 138, 2014.0, 29, 173.0, 1.0867052023121386
1000, 8, 5, 5, 7, 0.004016208829869822, 199, 100.0, 43, 2374, 378, 2374.0, 57, 173.0, 1.1502890173410405
1000, 8, 5, 5, 7, 0.004410280732339558, 177, 100.0, 95, 1912, 140, 1912.0, 23, 173.0, 1.023121387283237
1000, 8, 5, 5, 7, 0.004258986107631617, 192, 100.0, 25, 2080, 158, 2080.0, 32, 173.0, 1.1098265895953756
1000, 8, 5, 5, 7, 0.004452775002775007, 221, 100.0, 61, 2638, 416, 2638.0, 51, 173.0, 1.277456647398844
1000, 8, 5, 5, 7, 0.004371978064934725, 181, 100.0, 45, 1978, 168, 1978.0, 32, 173.0, 1.046242774566474
1000, 8, 5, 5, 7, 0.004779314231520116, 212, 100.0, 31, 2460, 330, 2460.0, 61, 173.0, 1.2254335260115607
1000, 8, 5, 5, 7, 0.005054862273089834, 201, 100.0, 25, 2260, 250, 2260.0, 46, 173.0, 1.1618497109826589
1000, 8, 5, 5, 7, 0.004205267601111591, 194, 100.0, 39, 2476, 532, 2476.0, 70, 173.0, 1.1213872832369942
1000, 8, 5, 5, 7, 0.004025585117496881, 161, 100.0, 47, 1848, 230, 1848.0, 51, 173.0, 0.930635838150289
1000, 8, 5, 5, 7, 0.004990602435919773, 184, 100.0, 30, 1988, 154, 1988.0, 25, 173.0, 1.0635838150289016
1000, 8, 5, 5, 7, 0.004175917954594424, 175, 100.0, 25, 2064, 310, 2064.0, 48, 173.0, 1.0115606936416186
1000, 8, 5, 5, 7, 0.005077927954398545, 203, 100.0, 37, 2218, 184, 2218.0, 30, 173.0, 1.1734104046242775
1000, 8, 5, 5, 7, 0.005521389678433023, 214, 100.0, 46, 2386, 244, 2386.0, 41, 173.0, 1.2369942196531791
1000, 8, 5, 5, 7, 0.004476504786063608, 171, 100.0, 20, 2132, 414, 2132.0, 71, 173.0, 0.9884393063583815
1000, 8, 5, 5, 7, 0.0043095693522164115, 163, 100.0, 49, 1970, 336, 1970.0, 40, 173.0, 0.9421965317919075
1000, 8, 5, 5, 7, 0.005020683972889859, 223, 100.0, 113, 2414, 184, 2414.0, 26, 173.0, 1.2890173410404624
1000, 8, 5, 5, 7, 0.004052823466523153, 181, 100.0, 64, 1928, 108, 1928.0, 12, 173.0, 1.046242774566474
1000, 8, 5, 5, 7, 0.004427951705157589, 233, 100.0, 55, 2576, 240, 2576.0, 44, 173.0, 1.346820809248555
1000, 8, 5, 5, 7, 0.004461909495733026, 188, 100.0, 20, 2122, 248, 2122.0, 38, 173.0, 1.0867052023121386
1000, 8, 5, 5, 7, 0.004542348664407489, 163, 100.0, 16, 1822, 192, 1822.0, 36, 173.0, 0.9421965317919075
1000, 8, 5, 5, 7, 0.005061737080429035, 198, 100.0, 43, 2294, 320, 2294.0, 54, 173.0, 1.1445086705202312
1000, 8, 5, 5, 7, 0.004199855661194667, 232, 100.0, 24, 2704, 380, 2704.0, 62, 173.0, 1.3410404624277457
1000, 8, 5, 5, 7, 0.0045829530548570805, 198, 100.0, 36, 2144, 166, 2144.0, 33, 173.0, 1.1445086705202312
1000, 8, 5, 5, 7, 0.0037109215346057445, 190, 100.0, 45, 2164, 260, 2164.0, 41, 173.0, 1.0982658959537572
1000, 8, 5, 5, 7, 0.004602542637101464, 229, 100.0, 35, 2756, 462, 2756.0, 63, 173.0, 1.323699421965318
1000, 8, 5, 5, 7, 0.00448818322200675, 245, 100.0, 21, 2878, 430, 2878.0, 69, 173.0, 1.416184971098266
1000, 8, 5, 5, 7, 0.004230263364086892, 193, 100.0, 30, 2154, 218, 2154.0, 36, 173.0, 1.115606936416185
1000, 8, 5, 5, 7, 0.0037409584696349372, 144, 100.0, 48, 1544, 106, 1544.0, 32, 173.0, 0.8323699421965318
1000, 8, 5, 5, 7, 0.004876675431551597, 246, 100.0, 47, 2680, 216, 2680.0, 36, 173.0, 1.4219653179190752
1000, 8, 5, 5, 7, 0.005528838155308749, 181, 100.0, 20, 1984, 176, 1984.0, 32, 173.0, 1.046242774566474
1000, 8, 5, 5, 7, 0.0036293050903345014, 193, 100.0, 43, 2148, 210, 2148.0, 33, 173.0, 1.115606936416185
1000, 8, 5, 5, 7, 0.004497086101033469, 195, 100.0, 27, 2152, 206, 2152.0, 35, 173.0, 1.1271676300578035
1000, 8, 5, 5, 7, 0.004173281457104986, 202, 100.0, 77, 2380, 346, 2380.0, 70, 173.0, 1.1676300578034682
1000, 8, 5, 5, 7, 0.005420307268410991, 169, 100.0, 35, 2040, 352, 2040.0, 52, 173.0, 0.976878612716763
1000, 8, 5, 5, 7, 0.004576980127715423, 188, 100.0, 46, 1996, 118, 1996.0, 21, 173.0, 1.0867052023121386
1000, 8, 5, 5, 7, 0.003902023548347077, 172, 100.0, 43, 1892, 176, 1892.0, 28, 173.0, 0.9942196531791907
1000, 8, 5, 5, 7, 0.0048461287336674375, 238, 100.0, 31, 2650, 272, 2650.0, 41, 173.0, 1.3757225433526012
1000, 8, 5, 5, 7, 0.004678308945956005, 189, 100.0, 36, 2464, 562, 2464.0, 81, 173.0, 1.092485549132948
1000, 8, 5, 5, 7, 0.004590833452752953, 200, 100.0, 18, 2328, 324, 2328.0, 53, 173.0, 1.1560693641618498
1000, 8, 5, 5, 7, 0.0041840724634842254, 165, 100.0, 152, 1778, 128, 1778.0, 15, 173.0, 0.953757225433526
1000, 8, 5, 5, 7, 0.004572619253811204, 178, 100.0, 34, 2006, 226, 2006.0, 39, 173.0, 1.0289017341040463
1000, 8, 5, 5, 7, 0.004975664471407506, 202, 100.0, 26, 2214, 198, 2214.0, 34, 173.0, 1.1676300578034682
1000, 8, 5, 5, 7, 0.004875321084144617, 159, 100.0, 24, 1816, 220, 1816.0, 44, 173.0, 0.9190751445086706
1000, 8, 5, 5, 7, 0.004782897193965308, 186, 100.0, 38, 2080, 222, 2080.0, 36, 173.0, 1.0751445086705202
1000, 8, 5, 5, 7, 0.0045918038875469224, 203, 100.0, 27, 2388, 348, 2388.0, 59, 173.0, 1.1734104046242775
1000, 8, 5, 5, 7, 0.004459465229472971, 215, 100.0, 18, 2478, 328, 2478.0, 54, 173.0, 1.2427745664739884
1000, 8, 5, 5, 7, 0.005013912802883396, 191, 100.0, 28, 2100, 190, 2100.0, 32, 173.0, 1.1040462427745665
1000, 8, 5, 5, 7, 0.004658991008991008, 183, 100.0, 33, 2220, 374, 2220.0, 51, 173.0, 1.0578034682080926
1000, 8, 5, 5, 7, 0.004167749063801694, 187, 100.0, 35, 2100, 228, 2100.0, 35, 173.0, 1.0809248554913296
1000, 8, 5, 5, 7, 0.0044189505970465715, 183, 100.0, 26, 2044, 214, 2044.0, 35, 173.0, 1.0578034682080926
1000, 8, 5, 5, 7, 0.004471554752437107, 222, 100.0, 64, 2452, 234, 2452.0, 47, 173.0, 1.283236994219653
1000, 8, 5, 5, 7, 0.00498074548001019, 199, 100.0, 54, 2400, 406, 2400.0, 58, 173.0, 1.1502890173410405
1000, 8, 5, 5, 7, 0.0048174430961195665, 217, 100.0, 52, 2400, 224, 2400.0, 48, 173.0, 1.254335260115607
1000, 8, 5, 5, 7, 0.004504946648638599, 160, 100.0, 56, 1688, 84, 1688.0, 12, 173.0, 0.9248554913294798
1000, 8, 5, 5, 7, 0.004537680620033558, 220, 100.0, 33, 2506, 304, 2506.0, 41, 173.0, 1.2716763005780347
1000, 8, 5, 5, 7, 0.004450844743491801, 182, 100.0, 47, 1928, 114, 1928.0, 19, 173.0, 1.0520231213872833
1000, 8, 5, 5, 7, 0.004493720946236424, 169, 100.0, 15, 1858, 168, 1858.0, 28, 173.0, 0.976878612716763
1000, 8, 5, 5, 7, 0.004705635785782847, 190, 100.0, 34, 2038, 138, 2038.0, 27, 173.0, 1.0982658959537572
1000, 8, 5, 5, 7, 0.003924653025852715, 163, 100.0, 61, 1854, 210, 1854.0, 21, 173.0, 0.9421965317919075
1000, 8, 5, 5, 7, 0.00463530132148553, 179, 100.0, 36, 2260, 456, 2260.0, 57, 173.0, 1.0346820809248556
1000, 8, 5, 5, 7, 0.003928162605368484, 175, 100.0, 43, 1878, 132, 1878.0, 22, 173.0, 1.0115606936416186
1000, 8, 5, 5, 7, 0.004378461163019985, 259, 100.0, 37, 2900, 306, 2900.0, 55, 173.0, 1.4971098265895955
1000, 8, 5, 5, 7, 0.004811084791541451, 281, 100.0, 43, 3180, 370, 3180.0, 64, 173.0, 1.6242774566473988
1000, 8, 5, 5, 7, 0.004208463350375114, 146, 100.0, 26, 1630, 162, 1630.0, 25, 173.0, 0.8439306358381503
1000, 8, 5, 5, 7, 0.003946936869460086, 162, 100.0, 15, 2004, 382, 2004.0, 65, 173.0, 0.9364161849710982
1000, 8, 5, 5, 7, 0.00442997615129968, 170, 100.0, 84, 1886, 190, 1886.0, 23, 173.0, 0.9826589595375722
1000, 8, 5, 5, 7, 0.0040290457091927655, 154, 100.0, 53, 1922, 378, 1922.0, 51, 173.0, 0.8901734104046243
1000, 8, 5, 5, 7, 0.0042004004165768875, 211, 100.0, 37, 2582, 456, 2582.0, 79, 173.0, 1.2196531791907514
1000, 8, 5, 5, 7, 0.0044098697870756706, 186, 100.0, 50, 2014, 160, 2014.0, 31, 173.0, 1.0751445086705202
1000, 8, 5, 5, 7, 0.0042884604172916865, 161, 100.0, 77, 1808, 202, 1808.0, 37, 173.0, 0.930635838150289
1000, 8, 5, 5, 7, 0.005420839617898447, 177, 100.0, 49, 1922, 158, 1922.0, 27, 173.0, 1.023121387283237
1000, 8, 5, 5, 7, 0.00467033252695018, 196, 100.0, 40, 2120, 168, 2120.0, 32, 173.0, 1.1329479768786128
1000, 8, 5, 5, 7, 0.004032696633431928, 198, 100.0, 41, 2172, 190, 2172.0, 36, 173.0, 1.1445086705202312
1000, 8, 5, 5, 7, 0.004343079100122443, 170, 100.0, 68, 1790, 78, 1790.0, 12, 173.0, 0.9826589595375722
1000, 8, 5, 5, 7, 0.004461661051366938, 170, 100.0, 108, 1798, 100, 1798.0, 18, 173.0, 0.9826589595375722
1000, 8, 5, 5, 7, 0.003986168673088178, 176, 100.0, 34, 2216, 446, 2216.0, 62, 173.0, 1.0173410404624277
1000, 8, 5, 5, 7, 0.004907597141420669, 147, 100.0, 44, 1700, 236, 1700.0, 43, 173.0, 0.8497109826589595
1000, 8, 5, 5, 7, 0.004416644019894794, 324, 100.0, 41, 3634, 390, 3634.0, 61, 173.0, 1.8728323699421965
1000, 8, 5, 5, 7, 0.00477881579205109, 175, 100.0, 53, 1948, 196, 1948.0, 30, 173.0, 1.0115606936416186
1000, 8, 5, 5, 7, 0.004142702722114486, 173, 100.0, 22, 1962, 228, 1962.0, 39, 173.0, 1.0
1000, 8, 5, 5, 7, 0.004835341314172587, 211, 100.0, 41, 2302, 194, 2302.0, 41, 173.0, 1.2196531791907514
1000, 8, 5, 5, 7, 0.004787725857733604, 198, 100.0, 58, 2334, 346, 2334.0, 46, 173.0, 1.1445086705202312
1000, 8, 5, 5, 7, 0.004846886958071174, 180, 100.0, 35, 1962, 164, 1962.0, 27, 173.0, 1.0404624277456647
1000, 8, 5, 5, 7, 0.0047969664322605535, 176, 100.0, 45, 1904, 144, 1904.0, 35, 173.0, 1.0173410404624277
1000, 8, 5, 5, 7, 0.004801754373077901, 254, 100.0, 43, 2864, 312, 2864.0, 46, 173.0, 1.4682080924855492
