1000, 1, 50, 5, 0, 0.04914939827716169, 1215, 100.0, 373, 24276, 0, 24276.0, 18246, 1382.0, 0.8791606367583212
1000, 1, 50, 5, 0, 0.04953866815919583, 1187, 100.0, 464, 23720, 0, 23720.0, 18246, 1382.0, 0.8589001447178003
1000, 1, 50, 5, 0, 0.04940621914759508, 2026, 100.0, 364, 40500, 0, 40500.0, 18246, 1382.0, 1.4659913169319827
1000, 1, 50, 5, 0, 0.049380892898165586, 1455, 100.0, 221, 29080, 0, 29080.0, 18246, 1382.0, 1.052821997105644
1000, 1, 50, 5, 0, 0.0495532846291295, 1420, 100.0, 246, 28380, 0, 28380.0, 18246, 1382.0, 1.0274963820549927
1000, 1, 50, 5, 0, 0.04944946768457868, 1460, 100.0, 472, 29180, 0, 29180.0, 18246, 1382.0, 1.0564399421128798
1000, 1, 50, 5, 0, 0.049424326246629464, 1471, 100.0, 517, 29400, 0, 29400.0, 18246, 1382.0, 1.0643994211287988
1000, 1, 50, 5, 0, 0.049398645259970383, 1018, 100.0, 394, 20340, 0, 20340.0, 18246, 1382.0, 0.7366136034732272
1000, 1, 50, 5, 0, 0.04928768845448911, 1474, 100.0, 411, 29460, 0, 29460.0, 18246, 1382.0, 1.0665701881331404
1000, 1, 50, 5, 0, 0.04934468052882137, 1512, 100.0, 154, 30220, 0, 30220.0, 18246, 1382.0, 1.0940665701881331
1000, 1, 50, 5, 0, 0.04934224862230088, 1091, 100.0, 679, 21800, 0, 21800.0, 18246, 1382.0, 0.7894356005788712
1000, 1, 50, 5, 0, 0.04947655878416699, 1439, 100.0, 415, 28760, 0, 28760.0, 18246, 1382.0, 1.041244573082489
1000, 1, 50, 5, 0, 0.04929071970022012, 1874, 100.0, 70, 37460, 0, 37460.0, 18246, 1382.0, 1.3560057887120116
1000, 1, 50, 5, 0, 0.049699333673030005, 1577, 100.0, 220, 31520, 0, 31520.0, 18246, 1382.0, 1.1410998552821998
1000, 1, 50, 5, 0, 0.049361261933740304, 1222, 100.0, 97, 24420, 0, 24420.0, 18246, 1382.0, 0.8842257597684515
1000, 1, 50, 5, 0, 0.04951512175808669, 1828, 100.0, 233, 36540, 0, 36540.0, 18246, 1382.0, 1.3227206946454413
1000, 1, 50, 5, 0, 0.04928626648434198, 1355, 100.0, 788, 27072, 0, 27072.0, 18246, 1382.0, 0.9804630969609262
1000, 1, 50, 5, 0, 0.04924454349224008, 1385, 100.0, 246, 27680, 0, 27680.0, 18246, 1382.0, 1.0021707670043416
1000, 1, 50, 5, 0, 0.049438066527794415, 1432, 100.0, 183, 28604, 0, 28604.0, 18246, 1382.0, 1.036179450072359
1000, 1, 50, 5, 0, 0.04937447294990371, 1365, 100.0, 578, 27280, 0, 27280.0, 18246, 1382.0, 0.9876989869753979
1000, 1, 50, 5, 0, 0.04928987935652321, 1907, 100.0, 333, 38120, 0, 38120.0, 18246, 1382.0, 1.3798842257597685
1000, 1, 50, 5, 0, 0.049424326246629464, 1471, 100.0, 517, 29400, 0, 29400.0, 18246, 1382.0, 1.0643994211287988
1000, 1, 50, 5, 0, 0.049438410058541264, 1352, 100.0, 474, 27020, 0, 27020.0, 18246, 1382.0, 0.9782923299565847
1000, 1, 50, 5, 0, 0.049322175119124366, 1546, 100.0, 169, 30900, 0, 30900.0, 18246, 1382.0, 1.1186685962373373
1000, 1, 50, 5, 0, 0.049479117490364335, 1194, 100.0, 483, 23856, 0, 23856.0, 18246, 1382.0, 0.8639652677279306
1000, 1, 50, 5, 0, 0.04953074889902752, 1275, 100.0, 320, 25480, 0, 25480.0, 18246, 1382.0, 0.9225759768451519
1000, 1, 50, 5, 0, 0.04932105265759446, 1028, 100.0, 457, 20540, 0, 20540.0, 18246, 1382.0, 0.743849493487699
1000, 1, 50, 5, 0, 0.049243737024038996, 1541, 100.0, 222, 30796, 0, 30796.0, 18246, 1382.0, 1.1150506512301013
1000, 1, 50, 5, 0, 0.049484370957914726, 1331, 100.0, 317, 26600, 0, 26600.0, 18246, 1382.0, 0.9630969609261939
1000, 1, 50, 5, 0, 0.049380892898165586, 1455, 100.0, 221, 29080, 0, 29080.0, 18246, 1382.0, 1.052821997105644
1000, 1, 50, 5, 0, 0.049437815150029187, 1650, 100.0, 475, 32948, 0, 32948.0, 18246, 1382.0, 1.1939218523878437
1000, 1, 50, 5, 0, 0.04942209132871898, 1322, 100.0, 354, 26416, 0, 26416.0, 18246, 1382.0, 0.9565846599131693
1000, 1, 50, 5, 0, 0.04933393627306301, 1271, 100.0, 589, 25400, 0, 25400.0, 18246, 1382.0, 0.9196816208393632
1000, 1, 50, 5, 0, 0.04946689214151947, 1632, 100.0, 230, 32620, 0, 32620.0, 18246, 1382.0, 1.1808972503617945
1000, 1, 50, 5, 0, 0.049541603218938496, 1436, 100.0, 595, 28700, 0, 28700.0, 18246, 1382.0, 1.0390738060781477
1000, 1, 50, 5, 0, 0.049444357035195806, 1524, 100.0, 805, 30456, 0, 30456.0, 18246, 1382.0, 1.1027496382054993
1000, 1, 50, 5, 0, 0.049468162238688024, 1526, 100.0, 526, 30500, 0, 30500.0, 18246, 1382.0, 1.1041968162083937
1000, 1, 50, 5, 0, 0.0495532846291295, 1420, 100.0, 246, 28380, 0, 28380.0, 18246, 1382.0, 1.0274963820549927
1000, 1, 50, 5, 0, 0.04947284574795526, 1684, 100.0, 401, 33660, 0, 33660.0, 18246, 1382.0, 1.2185238784370478
1000, 1, 50, 5, 0, 0.04935238097753505, 1162, 100.0, 433, 23208, 0, 23208.0, 18246, 1382.0, 0.8408104196816208
1000, 1, 50, 5, 0, 0.049467631210969615, 1617, 100.0, 637, 32320, 0, 32320.0, 18246, 1382.0, 1.170043415340087
1000, 1, 50, 5, 0, 0.04937118455697252, 1284, 100.0, 254, 25656, 0, 25656.0, 18246, 1382.0, 0.9290882778581766
1000, 1, 50, 5, 0, 0.04944950815594563, 1346, 100.0, 563, 26900, 0, 26900.0, 18246, 1382.0, 0.9739507959479016
1000, 1, 50, 5, 0, 0.0495419292512996, 1505, 100.0, 241, 30080, 0, 30080.0, 18246, 1382.0, 1.089001447178003
1000, 1, 50, 5, 0, 0.04959928580622216, 1627, 100.0, 349, 32512, 0, 32512.0, 18246, 1382.0, 1.1772793053545587
1000, 1, 50, 5, 0, 0.04928049324263226, 1439, 100.0, 951, 28752, 0, 28752.0, 18246, 1382.0, 1.041244573082489
1000, 1, 50, 5, 0, 0.049437995782412, 1368, 100.0, 294, 27340, 0, 27340.0, 18246, 1382.0, 0.9898697539797395
1000, 1, 50, 5, 0, 0.04937262621252015, 1177, 100.0, 233, 23520, 0, 23520.0, 18246, 1382.0, 0.8516642547033285
1000, 1, 50, 5, 0, 0.04914040923371712, 1749, 100.0, 307, 34960, 0, 34960.0, 18246, 1382.0, 1.2655571635311142
1000, 1, 50, 5, 0, 0.04951258170758205, 1366, 100.0, 185, 27300, 0, 27300.0, 18246, 1382.0, 0.9884225759768451
1000, 1, 50, 5, 0, 0.04955245801693487, 1643, 100.0, 881, 32840, 0, 32840.0, 18246, 1382.0, 1.1888567293777135
1000, 1, 50, 5, 0, 0.04949182593223098, 1487, 100.0, 275, 29720, 0, 29720.0, 18246, 1382.0, 1.0759768451519538
1000, 1, 50, 5, 0, 0.049490001438351375, 1961, 100.0, 469, 39200, 0, 39200.0, 18246, 1382.0, 1.418958031837916
1000, 1, 50, 5, 0, 0.04946742777200956, 1536, 100.0, 427, 30700, 0, 30700.0, 18246, 1382.0, 1.1114327062228655
1000, 1, 50, 5, 0, 0.04916487460105615, 1527, 100.0, 541, 30520, 0, 30520.0, 18246, 1382.0, 1.104920405209841
1000, 1, 50, 5, 0, 0.049360607914956715, 1315, 100.0, 947, 26280, 0, 26280.0, 18246, 1382.0, 0.951519536903039
1000, 1, 50, 5, 0, 0.04924321443808591, 1176, 100.0, 600, 23488, 0, 23488.0, 18246, 1382.0, 0.8509406657018813
1000, 1, 50, 5, 0, 0.049482900895114514, 1483, 100.0, 251, 29640, 0, 29640.0, 18246, 1382.0, 1.073082489146165
1000, 1, 50, 5, 0, 0.04946493007139123, 1365, 100.0, 461, 27280, 0, 27280.0, 18246, 1382.0, 0.9876989869753979
1000, 1, 50, 5, 0, 0.04913733592755061, 1295, 100.0, 163, 25868, 0, 25868.0, 18246, 1382.0, 0.9370477568740955
1000, 1, 50, 5, 0, 0.04953916809111521, 1390, 100.0, 476, 27780, 0, 27780.0, 18246, 1382.0, 1.0057887120115774
1000, 1, 50, 5, 0, 0.049311938108652684, 1534, 100.0, 540, 30660, 0, 30660.0, 18246, 1382.0, 1.109985528219971
1000, 1, 50, 5, 0, 0.04929084525753208, 1257, 100.0, 438, 25120, 0, 25120.0, 18246, 1382.0, 0.9095513748191028
1000, 1, 50, 5, 0, 0.04955009863706298, 1313, 100.0, 101, 26236, 0, 26236.0, 18246, 1382.0, 0.9500723589001447
1000, 1, 50, 5, 0, 0.0493031467440808, 1269, 100.0, 141, 25360, 0, 25360.0, 18246, 1382.0, 0.9182344428364689
1000, 1, 50, 5, 0, 0.049323088307491963, 1665, 100.0, 438, 33280, 0, 33280.0, 18246, 1382.0, 1.2047756874095514
1000, 1, 50, 5, 0, 0.049388255810514446, 1270, 100.0, 370, 25380, 0, 25380.0, 18245, 1382.0, 0.918958031837916
1000, 1, 50, 5, 0, 0.04964167724978379, 1755, 100.0, 633, 35080, 0, 35080.0, 18246, 1382.0, 1.2698986975397974
1000, 1, 50, 5, 0, 0.049468585209399625, 1538, 100.0, 652, 30740, 0, 30740.0, 18246, 1382.0, 1.1128798842257597
1000, 1, 50, 5, 0, 0.04925649532465297, 1296, 100.0, 375, 25900, 0, 25900.0, 18246, 1382.0, 0.9377713458755427
1000, 1, 50, 5, 0, 0.04931183259688082, 1270, 100.0, 397, 25380, 0, 25380.0, 18246, 1382.0, 0.918958031837916
1000, 1, 50, 5, 0, 0.04913487307687721, 1094, 100.0, 407, 21860, 0, 21860.0, 18246, 1382.0, 0.7916063675832128
1000, 1, 50, 5, 0, 0.04939555060515585, 1482, 100.0, 323, 29620, 0, 29620.0, 18246, 1382.0, 1.0723589001447178
1000, 1, 50, 5, 0, 0.049334249021256445, 1415, 100.0, 204, 28276, 0, 28276.0, 18246, 1382.0, 1.023878437047757
1000, 1, 50, 5, 0, 0.049419420014188246, 1864, 100.0, 904, 37260, 0, 37260.0, 18245, 1382.0, 1.3487698986975398
1000, 1, 50, 5, 0, 0.049402635447691017, 1279, 100.0, 486, 25560, 0, 25560.0, 18246, 1382.0, 0.9254703328509407
1000, 1, 50, 5, 0, 0.0493391673182228, 1717, 100.0, 377, 34320, 0, 34320.0, 18246, 1382.0, 1.2424023154848047
1000, 1, 50, 5, 0, 0.04920958957804464, 1409, 100.0, 461, 28160, 0, 28160.0, 18246, 1382.0, 1.0195369030390737
1000, 1, 50, 5, 0, 0.049391540940274786, 1325, 100.0, 582, 26480, 0, 26480.0, 18246, 1382.0, 0.9587554269175108
1000, 1, 50, 5, 0, 0.04923050475087182, 1062, 100.0, 181, 21212, 0, 21212.0, 18246, 1382.0, 0.768451519536903
1000, 1, 50, 5, 0, 0.049376469488399743, 1613, 100.0, 442, 32232, 0, 32232.0, 18246, 1382.0, 1.1671490593342981
1000, 1, 50, 5, 0, 0.04943667808370131, 1325, 100.0, 519, 26480, 0, 26480.0, 18246, 1382.0, 0.9587554269175108
1000, 1, 50, 5, 0, 0.04945958146560004, 1410, 100.0, 512, 28180, 0, 28180.0, 18246, 1382.0, 1.020260492040521
1000, 1, 50, 5, 0, 0.049223195779506956, 1408, 100.0, 314, 28128, 0, 28128.0, 18246, 1382.0, 1.0188133140376265
1000, 1, 50, 5, 0, 0.049518330277650215, 1611, 100.0, 501, 32200, 0, 32200.0, 18246, 1382.0, 1.1657018813314037
1000, 1, 50, 5, 0, 0.04943045614333227, 2141, 100.0, 1155, 42784, 0, 42784.0, 18246, 1382.0, 1.549204052098408
1000, 1, 50, 5, 0, 0.04941496527686983, 1651, 100.0, 200, 33000, 0, 33000.0, 18246, 1382.0, 1.1946454413892909
1000, 1, 50, 5, 0, 0.04943118934610875, 1526, 100.0, 158, 30500, 0, 30500.0, 18246, 1382.0, 1.1041968162083937
1000, 1, 50, 5, 0, 0.04926910879626183, 1606, 100.0, 292, 32096, 0, 32096.0, 18246, 1382.0, 1.162083936324168
1000, 1, 50, 5, 0, 0.04924785112124434, 1694, 100.0, 525, 33860, 0, 33860.0, 18246, 1382.0, 1.2257597684515196
1000, 1, 50, 5, 0, 0.04954789839182799, 1701, 100.0, 347, 33988, 0, 33988.0, 18246, 1382.0, 1.2308248914616498
1000, 1, 50, 5, 0, 0.049495227953723735, 1374, 100.0, 724, 27448, 0, 27448.0, 18246, 1382.0, 0.9942112879884226
1000, 1, 50, 5, 0, 0.049428698241139414, 1166, 100.0, 186, 23292, 0, 23292.0, 18246, 1382.0, 0.8437047756874095
1000, 1, 50, 5, 0, 0.049327708925377065, 1616, 100.0, 647, 32300, 0, 32300.0, 18246, 1382.0, 1.1693198263386397
1000, 1, 50, 5, 0, 0.04938002841191415, 1182, 100.0, 367, 23620, 0, 23620.0, 18246, 1382.0, 0.8552821997105644
1000, 1, 50, 5, 0, 0.04939332348286856, 1206, 100.0, 504, 24100, 0, 24100.0, 18246, 1382.0, 0.8726483357452967
1000, 1, 50, 5, 0, 0.04947862299651686, 1489, 100.0, 270, 29760, 0, 29760.0, 18246, 1382.0, 1.077424023154848
1000, 1, 50, 5, 0, 0.04947124965902862, 1376, 100.0, 1335, 27484, 0, 27484.0, 18245, 1382.0, 0.9956584659913169
1000, 1, 50, 5, 0, 0.04946677360077226, 1291, 100.0, 155, 25800, 0, 25800.0, 18246, 1382.0, 0.9341534008683068
1000, 1, 50, 5, 0, 0.04936679895109664, 1509, 100.0, 890, 30160, 0, 30160.0, 18246, 1382.0, 1.0918958031837915
