1000, 1, 50, 5, 0, 0.049550212722303935, 1522, 100.0, 244, 15210, 0, 15210.0, 427, 1382.0, 1.101302460202605
1000, 1, 50, 5, 0, 0.04955444980927703, 1575, 100.0, 607, 15740, 0, 15740.0, 427, 1382.0, 1.1396526772793054
1000, 1, 50, 5, 0, 0.04943253299380148, 1416, 100.0, 191, 14150, 0, 14150.0, 427, 1382.0, 1.0246020260492041
1000, 1, 50, 5, 0, 0.04944632061179272, 1318, 100.0, 283, 13164, 0, 13164.0, 427, 1382.0, 0.9536903039073806
1000, 1, 50, 5, 0, 0.04941009195867589, 1265, 100.0, 246, 12640, 0, 12640.0, 427, 1382.0, 0.9153400868306801
1000, 1, 50, 5, 0, 0.04931559479457907, 1369, 100.0, 178, 13674, 0, 13674.0, 427, 1382.0, 0.9905933429811867
1000, 1, 50, 5, 0, 0.04945058302884212, 1445, 100.0, 158, 14440, 0, 14440.0, 427, 1382.0, 1.0455861070911723
1000, 1, 50, 5, 0, 0.049425913551989324, 1381, 100.0, 240, 13800, 0, 13800.0, 427, 1382.0, 0.9992764109985528
1000, 1, 50, 5, 0, 0.04943908241620315, 1521, 100.0, 514, 15200, 0, 15200.0, 427, 1382.0, 1.1005788712011577
1000, 1, 50, 5, 0, 0.0495376299462557, 1453, 100.0, 190, 14520, 0, 14520.0, 427, 1382.0, 1.0513748191027497
1000, 1, 50, 5, 0, 0.04945205643468975, 1387, 100.0, 227, 13860, 0, 13860.0, 427, 1382.0, 1.003617945007236
1000, 1, 50, 5, 0, 0.04933470236424395, 1603, 100.0, 123, 16012, 0, 16012.0, 427, 1382.0, 1.1599131693198264
1000, 1, 50, 5, 0, 0.049400290672790136, 1632, 100.0, 753, 16310, 0, 16310.0, 427, 1382.0, 1.1808972503617945
1000, 1, 50, 5, 0, 0.04937130528956799, 1522, 100.0, 254, 15210, 0, 15210.0, 427, 1382.0, 1.101302460202605
1000, 1, 50, 5, 0, 0.049463210415173216, 1470, 100.0, 277, 14690, 0, 14690.0, 427, 1382.0, 1.0636758321273516
1000, 1, 50, 5, 0, 0.04937642518411697, 1473, 100.0, 1222, 14720, 0, 14720.0, 427, 1382.0, 1.0658465991316932
1000, 1, 50, 5, 0, 0.04919462524755567, 1594, 100.0, 594, 15922, 0, 15922.0, 427, 1382.0, 1.1534008683068018
1000, 1, 50, 5, 0, 0.049530056320027355, 1221, 100.0, 151, 12200, 0, 12200.0, 427, 1382.0, 0.8835021707670043
1000, 1, 50, 5, 0, 0.04934991331665737, 1358, 100.0, 448, 13568, 0, 13568.0, 427, 1382.0, 0.9826338639652678
1000, 1, 50, 5, 0, 0.04955633321394805, 1220, 100.0, 588, 12190, 0, 12190.0, 427, 1382.0, 0.8827785817655571
1000, 1, 50, 5, 0, 0.04932717838573666, 1356, 100.0, 102, 13550, 0, 13550.0, 427, 1382.0, 0.9811866859623734
1000, 1, 50, 5, 0, 0.0493535099074596, 1637, 100.0, 388, 16360, 0, 16360.0, 427, 1382.0, 1.1845151953690305
1000, 1, 50, 5, 0, 0.04932643654667029, 1633, 100.0, 114, 16320, 0, 16320.0, 427, 1382.0, 1.1816208393632417
1000, 1, 50, 5, 0, 0.049128418306795096, 1598, 100.0, 168, 15970, 0, 15970.0, 427, 1382.0, 1.1562952243125904
1000, 1, 50, 5, 0, 0.049478388875175486, 1919, 100.0, 988, 19180, 0, 19180.0, 427, 1382.0, 1.3885672937771345
1000, 1, 50, 5, 0, 0.04938660832166674, 1536, 100.0, 386, 15350, 0, 15350.0, 427, 1382.0, 1.1114327062228655
1000, 1, 50, 5, 0, 0.04942998715812396, 1417, 100.0, 735, 14160, 0, 14160.0, 427, 1382.0, 1.0253256150506513
1000, 1, 50, 5, 0, 0.04931959623673496, 1797, 100.0, 435, 17960, 0, 17960.0, 427, 1382.0, 1.300289435600579
1000, 1, 50, 5, 0, 0.04938449335878136, 1219, 100.0, 399, 12174, 0, 12174.0, 427, 1382.0, 0.88205499276411
1000, 1, 50, 5, 0, 0.04932937279662646, 1480, 100.0, 196, 14790, 0, 14790.0, 427, 1382.0, 1.0709117221418234
1000, 1, 50, 5, 0, 0.049366318972121195, 1393, 100.0, 144, 13920, 0, 13920.0, 427, 1382.0, 1.007959479015919
1000, 1, 50, 5, 0, 0.04945268056780738, 1126, 100.0, 673, 11248, 0, 11248.0, 427, 1382.0, 0.8147612156295224
1000, 1, 50, 5, 0, 0.04933093829430762, 1267, 100.0, 272, 12658, 0, 12658.0, 427, 1382.0, 0.9167872648335745
1000, 1, 50, 5, 0, 0.04934835477474679, 1477, 100.0, 708, 14760, 0, 14760.0, 427, 1382.0, 1.068740955137482
1000, 1, 50, 5, 0, 0.04928100509445022, 1844, 100.0, 602, 18440, 0, 18440.0, 427, 1382.0, 1.3342981186685963
1000, 1, 50, 5, 0, 0.04935848204812697, 1616, 100.0, 98, 16144, 0, 16144.0, 427, 1382.0, 1.1693198263386397
1000, 1, 50, 5, 0, 0.049383868170429494, 1448, 100.0, 652, 14470, 0, 14470.0, 427, 1382.0, 1.0477568740955137
1000, 1, 50, 5, 0, 0.04930306902984955, 1303, 100.0, 55, 13020, 0, 13020.0, 427, 1382.0, 0.942836468885673
1000, 1, 50, 5, 0, 0.04933208912194285, 1543, 100.0, 360, 15420, 0, 15420.0, 427, 1382.0, 1.1164978292329957
1000, 1, 50, 5, 0, 0.04950176764602051, 1389, 100.0, 363, 13880, 0, 13880.0, 427, 1382.0, 1.0050651230101302
1000, 1, 50, 5, 0, 0.04949728424541705, 1472, 100.0, 334, 14710, 0, 14710.0, 427, 1382.0, 1.065123010130246
1000, 1, 50, 5, 0, 0.04944792924421164, 1277, 100.0, 134, 12758, 0, 12758.0, 427, 1382.0, 0.9240231548480463
1000, 1, 50, 5, 0, 0.049424503554315595, 1375, 100.0, 312, 13740, 0, 13740.0, 427, 1382.0, 0.9949348769898697
1000, 1, 50, 5, 0, 0.04949524837437328, 1538, 100.0, 234, 15370, 0, 15370.0, 427, 1382.0, 1.1128798842257597
1000, 1, 50, 5, 0, 0.04945658716071109, 1650, 100.0, 385, 16472, 0, 16472.0, 427, 1382.0, 1.1939218523878437
1000, 1, 50, 5, 0, 0.04943577771000296, 1269, 100.0, 612, 12678, 0, 12678.0, 427, 1382.0, 0.9182344428364689
1000, 1, 50, 5, 0, 0.04943907627150232, 1242, 100.0, 437, 12410, 0, 12410.0, 427, 1382.0, 0.8986975397973951
1000, 1, 50, 5, 0, 0.049170094966269166, 1359, 100.0, 203, 13580, 0, 13580.0, 427, 1382.0, 0.983357452966715
1000, 1, 50, 5, 0, 0.04938660832166674, 1536, 100.0, 386, 15350, 0, 15350.0, 427, 1382.0, 1.1114327062228655
1000, 1, 50, 5, 0, 0.049350002609321104, 1959, 100.0, 103, 19580, 0, 19580.0, 427, 1382.0, 1.4175108538350216
1000, 1, 50, 5, 0, 0.049315506698143656, 1308, 100.0, 197, 13070, 0, 13070.0, 427, 1382.0, 0.9464544138929089
1000, 1, 50, 5, 0, 0.04938267023454737, 1407, 100.0, 434, 14060, 0, 14060.0, 427, 1382.0, 1.0180897250361796
1000, 1, 50, 5, 0, 0.049254194281138794, 1610, 100.0, 303, 16090, 0, 16090.0, 427, 1382.0, 1.1649782923299565
1000, 1, 50, 5, 0, 0.04954403567244731, 1927, 100.0, 228, 19254, 0, 19254.0, 427, 1382.0, 1.394356005788712
1000, 1, 50, 5, 0, 0.049457949792045534, 1582, 100.0, 689, 15806, 0, 15806.0, 427, 1382.0, 1.1447178002894356
1000, 1, 50, 5, 0, 0.04943201717343555, 1265, 100.0, 382, 12632, 0, 12632.0, 427, 1382.0, 0.9153400868306801
1000, 1, 50, 5, 0, 0.04945751581586463, 1292, 100.0, 254, 12910, 0, 12910.0, 427, 1382.0, 0.934876989869754
1000, 1, 50, 5, 0, 0.049499127137864876, 2030, 100.0, 393, 20284, 0, 20284.0, 427, 1382.0, 1.4688856729377713
1000, 1, 50, 5, 0, 0.04959708699866619, 1789, 100.0, 602, 17880, 0, 17880.0, 427, 1382.0, 1.2945007235890014
1000, 1, 50, 5, 0, 0.04950193156519869, 1774, 100.0, 128, 17730, 0, 17730.0, 427, 1382.0, 1.2836468885672938
1000, 1, 50, 5, 0, 0.04927905425945412, 2170, 100.0, 378, 21682, 0, 21682.0, 427, 1382.0, 1.5701881331403762
1000, 1, 50, 5, 0, 0.049349017458527586, 1429, 100.0, 224, 14280, 0, 14280.0, 427, 1382.0, 1.0340086830680173
1000, 1, 50, 5, 0, 0.04956145132671284, 1243, 100.0, 208, 12418, 0, 12418.0, 427, 1382.0, 0.8994211287988423
1000, 1, 50, 5, 0, 0.049192309190501514, 1255, 100.0, 311, 12540, 0, 12540.0, 427, 1382.0, 0.9081041968162084
1000, 1, 50, 5, 0, 0.04945564135519748, 1651, 100.0, 276, 16498, 0, 16498.0, 427, 1382.0, 1.1946454413892909
1000, 1, 50, 5, 0, 0.04948384886496353, 1197, 100.0, 640, 11960, 0, 11960.0, 427, 1382.0, 0.8661360347322721
1000, 1, 50, 5, 0, 0.04939575472358854, 1611, 100.0, 75, 16100, 0, 16100.0, 427, 1382.0, 1.1657018813314037
1000, 1, 50, 5, 0, 0.049371814888626665, 1416, 100.0, 759, 14150, 0, 14150.0, 427, 1382.0, 1.0246020260492041
1000, 1, 50, 5, 0, 0.04930937645159705, 1566, 100.0, 469, 15648, 0, 15648.0, 427, 1382.0, 1.1331403762662808
1000, 1, 50, 5, 0, 0.04936040460825996, 1449, 100.0, 341, 14480, 0, 14480.0, 427, 1382.0, 1.0484804630969609
1000, 1, 50, 5, 0, 0.04939864366018759, 1076, 100.0, 317, 10750, 0, 10750.0, 427, 1382.0, 0.7785817655571635
1000, 1, 50, 5, 0, 0.049320816980511585, 1639, 100.0, 428, 16374, 0, 16374.0, 427, 1382.0, 1.1859623733719247
1000, 1, 50, 5, 0, 0.04946450774170467, 1570, 100.0, 212, 15690, 0, 15690.0, 427, 1382.0, 1.1360347322720694
1000, 1, 50, 5, 0, 0.0493782702445235, 1867, 100.0, 327, 18652, 0, 18652.0, 427, 1382.0, 1.3509406657018814
1000, 1, 50, 5, 0, 0.049315487735755566, 1170, 100.0, 172, 11690, 0, 11690.0, 427, 1382.0, 0.8465991316931982
1000, 1, 50, 5, 0, 0.04945550380323499, 1109, 100.0, 317, 11072, 0, 11072.0, 427, 1382.0, 0.8024602026049205
1000, 1, 50, 5, 0, 0.0495192616983315, 1646, 100.0, 266, 16450, 0, 16450.0, 427, 1382.0, 1.191027496382055
1000, 1, 50, 5, 0, 0.049608395813456496, 1582, 100.0, 148, 15810, 0, 15810.0, 427, 1382.0, 1.1447178002894356
1000, 1, 50, 5, 0, 0.04947832327529648, 1911, 100.0, 336, 19100, 0, 19100.0, 427, 1382.0, 1.3827785817655571
1000, 1, 50, 5, 0, 0.04953491867793444, 1320, 100.0, 225, 13190, 0, 13190.0, 427, 1382.0, 0.9551374819102749
1000, 1, 50, 5, 0, 0.04939771941202704, 1627, 100.0, 343, 16260, 0, 16260.0, 427, 1382.0, 1.1772793053545587
1000, 1, 50, 5, 0, 0.04942929298520205, 1973, 100.0, 540, 19720, 0, 19720.0, 427, 1382.0, 1.4276410998552822
1000, 1, 50, 5, 0, 0.04948597479650365, 1528, 100.0, 216, 15270, 0, 15270.0, 427, 1382.0, 1.105643994211288
1000, 1, 50, 5, 0, 0.0492653668242974, 1396, 100.0, 233, 13942, 0, 13942.0, 427, 1382.0, 1.0101302460202606
1000, 1, 50, 5, 0, 0.049465833926933475, 1464, 100.0, 332, 14628, 0, 14628.0, 427, 1382.0, 1.0593342981186686
1000, 1, 50, 5, 0, 0.04923950032845096, 2010, 100.0, 206, 20090, 0, 20090.0, 427, 1382.0, 1.4544138929088277
1000, 1, 50, 5, 0, 0.04938561216999384, 1333, 100.0, 413, 13320, 0, 13320.0, 427, 1382.0, 0.9645441389290883
1000, 1, 50, 5, 0, 0.0492948574187175, 1290, 100.0, 208, 12878, 0, 12878.0, 427, 1382.0, 0.9334298118668596
1000, 1, 50, 5, 0, 0.04930343554985406, 1243, 100.0, 134, 12420, 0, 12420.0, 427, 1382.0, 0.8994211287988423
1000, 1, 50, 5, 0, 0.04932434184456653, 1333, 100.0, 551, 13320, 0, 13320.0, 427, 1382.0, 0.9645441389290883
1000, 1, 50, 5, 0, 0.04935635166278545, 1740, 100.0, 321, 17390, 0, 17390.0, 427, 1382.0, 1.2590448625180897
1000, 1, 50, 5, 0, 0.049446947483512624, 1486, 100.0, 539, 14848, 0, 14848.0, 427, 1382.0, 1.0752532561505066
1000, 1, 50, 5, 0, 0.04939242025468775, 1324, 100.0, 314, 13230, 0, 13230.0, 427, 1382.0, 0.9580318379160637
1000, 1, 50, 5, 0, 0.049300364450109685, 1515, 100.0, 381, 15140, 0, 15140.0, 427, 1382.0, 1.0962373371924747
1000, 1, 50, 5, 0, 0.04947990457716783, 1299, 100.0, 357, 12980, 0, 12980.0, 427, 1382.0, 0.9399421128798843
1000, 1, 50, 5, 0, 0.04948964935303677, 1231, 100.0, 558, 12292, 0, 12292.0, 427, 1382.0, 0.8907380607814761
1000, 1, 50, 5, 0, 0.04943064959177843, 1316, 100.0, 92, 13150, 0, 13150.0, 427, 1382.0, 0.9522431259044862
1000, 1, 50, 5, 0, 0.049465833926933475, 1464, 100.0, 332, 14628, 0, 14628.0, 427, 1382.0, 1.0593342981186686
1000, 1, 50, 5, 0, 0.04952602567174917, 1620, 100.0, 306, 16190, 0, 16190.0, 427, 1382.0, 1.1722141823444283
1000, 1, 50, 5, 0, 0.04918985489114321, 1133, 100.0, 283, 11318, 0, 11318.0, 427, 1382.0, 0.8198263386396527
