1000, 64, 10, 100, 50, 11.591923658404882, 753, 8, 0, 2, 15068, 64
1000, 64, 10, 100, 50, 11.591923658404882, 779, 8, 0, 2, 15593, 64
1000, 64, 10, 100, 50, 11.591923658404882, 777, 6, 0, 2, 15558, 64
1000, 64, 10, 100, 50, 11.591923658404882, 779, 8, 0, 2, 15594, 64
1000, 64, 10, 100, 50, 11.591923658404882, 785, 8, 0, 2, 15704, 64
1000, 64, 10, 100, 50, 11.591923658404882, 790, 7, 0, 2, 15809, 64
1000, 64, 10, 100, 50, 11.591923658404882, 770, 8, 0, 2, 15415, 64
1000, 64, 10, 100, 50, 11.591923658404882, 760, 7, 0, 2, 15208, 64
1000, 64, 10, 100, 50, 11.591923658404882, 764, 11, 0, 1, 15295, 64
1000, 64, 10, 100, 50, 11.591923658404882, 745, 14, 0, 2, 14908, 64
1000, 64, 10, 100, 50, 11.591923658404882, 750, 9, 0, 2, 15016, 64
1000, 64, 10, 100, 50, 11.591923658404882, 778, 6, 0, 2, 15578, 64
1000, 64, 10, 100, 50, 11.591923658404882, 751, 11, 0, 2, 15035, 64
1000, 64, 10, 100, 50, 11.591923658404882, 750, 6, 0, 2, 15021, 64
1000, 64, 10, 100, 50, 11.591923658404882, 785, 9, 0, 2, 15714, 64
1000, 64, 10, 100, 50, 11.591923658404882, 768, 7, 0, 2, 15364, 64
1000, 64, 10, 100, 50, 11.591923658404882, 768, 9, 0, 2, 15366, 64
1000, 64, 10, 100, 50, 11.591923658404882, 784, 9, 0, 2, 15692, 64
1000, 64, 10, 100, 50, 11.591923658404882, 814, 11, 0, 2, 16302, 64
1000, 64, 10, 100, 50, 11.591923658404882, 776, 15, 0, 2, 15533, 64
1000, 64, 10, 100, 50, 11.591923658404882, 755, 8, 0, 2, 15121, 64
1000, 64, 10, 100, 50, 11.591923658404882, 761, 6, 0, 2, 15235, 64
1000, 64, 10, 100, 50, 11.591923658404882, 784, 10, 0, 2, 15684, 64
1000, 64, 10, 100, 50, 11.591923658404882, 768, 9, 0, 2, 15382, 64
1000, 64, 10, 100, 50, 11.591923658404882, 784, 8, 0, 2, 15702, 64
1000, 64, 10, 100, 50, 11.591923658404882, 766, 7, 0, 2, 15333, 64
1000, 64, 10, 100, 50, 11.591923658404882, 776, 16, 0, 2, 15526, 64
1000, 64, 10, 100, 50, 11.591923658404882, 803, 13, 0, 2, 16081, 64
1000, 64, 10, 100, 50, 11.591923658404882, 764, 10, 0, 2, 15298, 64
1000, 64, 10, 100, 50, 11.591923658404882, 777, 7, 0, 2, 15552, 64
1000, 64, 10, 100, 50, 11.591923658404882, 759, 8, 0, 2, 15202, 64
1000, 64, 10, 100, 50, 11.591923658404882, 764, 7, 0, 2, 15293, 64
1000, 64, 10, 100, 50, 11.591923658404882, 783, 7, 0, 1, 15671, 64
1000, 64, 10, 100, 50, 11.591923658404882, 743, 8, 0, 2, 14881, 64
1000, 64, 10, 100, 50, 11.591923658404882, 779, 10, 0, 2, 15588, 64
1000, 64, 10, 100, 50, 11.591923658404882, 765, 8, 0, 2, 15307, 64
1000, 64, 10, 100, 50, 11.591923658404882, 774, 12, 0, 2, 15496, 64
1000, 64, 10, 100, 50, 11.591923658404882, 798, 10, 0, 2, 15967, 64
1000, 64, 10, 100, 50, 11.591923658404882, 762, 6, 0, 2, 15248, 64
1000, 64, 10, 100, 50, 11.591923658404882, 787, 7, 0, 2, 15758, 64
1000, 64, 10, 100, 50, 11.591923658404882, 772, 7, 0, 2, 15445, 64
1000, 64, 10, 100, 50, 11.591923658404882, 782, 8, 0, 2, 15644, 64
1000, 64, 10, 100, 50, 11.591923658404882, 798, 8, 0, 2, 15967, 64
1000, 64, 10, 100, 50, 11.591923658404882, 792, 6, 0, 2, 15859, 64
1000, 64, 10, 100, 50, 11.591923658404882, 774, 13, 0, 2, 15483, 64
1000, 64, 10, 100, 50, 11.591923658404882, 780, 7, 0, 2, 15610, 64
1000, 64, 10, 100, 50, 11.591923658404882, 766, 9, 0, 2, 15327, 64
1000, 64, 10, 100, 50, 11.591923658404882, 750, 10, 0, 2, 15019, 64
1000, 64, 10, 100, 50, 11.591923658404882, 784, 10, 0, 2, 15704, 64
1000, 64, 10, 100, 50, 11.591923658404882, 805, 7, 0, 2, 16109, 64
1000, 64, 10, 100, 50, 11.591923658404882, 807, 9, 0, 2, 16150, 64
1000, 64, 10, 100, 50, 11.591923658404882, 783, 8, 0, 2, 15664, 64
1000, 64, 10, 100, 50, 11.591923658404882, 777, 11, 0, 2, 15559, 64
1000, 64, 10, 100, 50, 11.591923658404882, 783, 8, 0, 2, 15676, 64
1000, 64, 10, 100, 50, 11.591923658404882, 774, 12, 0, 2, 15497, 64
1000, 64, 10, 100, 50, 11.591923658404882, 777, 11, 0, 2, 15557, 64
1000, 64, 10, 100, 50, 11.591923658404882, 753, 11, 0, 2, 15083, 64
1000, 64, 10, 100, 50, 11.591923658404882, 769, 7, 0, 2, 15399, 64
1000, 64, 10, 100, 50, 11.591923658404882, 774, 11, 0, 2, 15485, 64
1000, 64, 10, 100, 50, 11.591923658404882, 765, 11, 0, 2, 15312, 64
1000, 64, 10, 100, 50, 11.591923658404882, 737, 10, 0, 2, 14748, 64
1000, 64, 10, 100, 50, 11.591923658404882, 730, 6, 0, 2, 14615, 64
1000, 64, 10, 100, 50, 11.591923658404882, 793, 13, 0, 2, 15883, 64
1000, 64, 10, 100, 50, 11.591923658404882, 774, 9, 0, 2, 15498, 64
1000, 64, 10, 100, 50, 11.591923658404882, 754, 6, 0, 2, 15094, 64
1000, 64, 10, 100, 50, 11.591923658404882, 775, 7, 0, 2, 15514, 64
