1000, 64, 10, 100, 50, 11.591923658404882, 764, 13, 0, 186534, 77219, 64
1000, 64, 10, 100, 50, 11.591923658404882, 817, 13, 0, 190801, 82618, 64
1000, 64, 10, 100, 50, 11.591923658404882, 783, 9, 0, 191485, 79425, 64
1000, 64, 10, 100, 50, 11.591923658404882, 737, 11, 0, 179978, 74480, 64
1000, 64, 10, 100, 50, 11.591923658404882, 767, 9, 0, 185377, 77771, 64
1000, 64, 10, 100, 50, 11.591923658404882, 777, 14, 0, 188968, 78613, 64
1000, 64, 10, 100, 50, 11.591923658404882, 789, 8, 0, 190383, 80278, 64
1000, 64, 10, 100, 50, 11.591923658404882, 768, 11, 0, 183221, 77865, 64
1000, 64, 10, 100, 50, 11.591923658404882, 772, 11, 0, 184266, 77943, 64
1000, 64, 10, 100, 50, 11.591923658404882, 758, 11, 0, 187110, 76672, 64
1000, 64, 10, 100, 50, 11.591923658404882, 776, 14, 0, 189574, 78667, 64
