1000, 4, 10, 100, 50, 187.02407306215326, 826, 42, 0, 2, 16522, 4
1000, 4, 10, 100, 50, 187.02407306215326, 837, 53, 0, 2, 16742, 4
1000, 4, 10, 100, 50, 187.02407306215326, 854, 57, 0, 2, 17087, 4
1000, 4, 10, 100, 50, 187.02407306215326, 771, 40, 0, 2, 15432, 4
1000, 4, 10, 100, 50, 187.02407306215326, 804, 60, 0, 2, 16093, 4
1000, 4, 10, 100, 50, 187.02407306215326, 799, 42, 0, 2, 15998, 4
1000, 4, 10, 100, 50, 187.02407306215326, 787, 115, 0, 2, 15745, 4
1000, 4, 10, 100, 50, 187.02407306215326, 785, 30, 0, 2, 15708, 4
1000, 4, 10, 100, 50, 187.02407306215326, 758, 66, 0, 2, 15168, 4
1000, 4, 10, 100, 50, 187.02407306215326, 675, 85, 0, 2, 13517, 4
1000, 4, 10, 100, 50, 187.02407306215326, 853, 132, 0, 2, 17067, 4
1000, 4, 10, 100, 50, 187.02407306215326, 690, 65, 0, 2, 13802, 4
1000, 4, 10, 100, 50, 187.02407306215326, 795, 89, 0, 2, 15907, 4
1000, 4, 10, 100, 50, 187.02407306215326, 850, 74, 0, 2, 17003, 4
1000, 4, 10, 100, 50, 187.02407306215326, 738, 114, 0, 2, 14769, 4
1000, 4, 10, 100, 50, 187.02407306215326, 752, 50, 0, 2, 15058, 4
1000, 4, 10, 100, 50, 187.02407306215326, 727, 198, 0, 2, 14553, 4
1000, 4, 10, 100, 50, 187.02407306215326, 809, 51, 0, 2, 16198, 4
1000, 4, 10, 100, 50, 187.02407306215326, 747, 40, 0, 2, 14952, 4
1000, 4, 10, 100, 50, 187.02407306215326, 707, 39, 0, 2, 14158, 4
1000, 4, 10, 100, 50, 187.02407306215326, 756, 79, 0, 2, 15129, 4
1000, 4, 10, 100, 50, 187.02407306215326, 779, 62, 0, 2, 15582, 4
1000, 4, 10, 100, 50, 187.02407306215326, 633, 198, 0, 2, 12667, 4
1000, 4, 10, 100, 50, 187.02407306215326, 795, 66, 0, 2, 15902, 4
1000, 4, 10, 100, 50, 187.02407306215326, 770, 74, 0, 2, 15412, 4
1000, 4, 10, 100, 50, 187.02407306215326, 786, 86, 0, 2, 15722, 4
1000, 4, 10, 100, 50, 187.02407306215326, 811, 48, 0, 2, 16223, 4
1000, 4, 10, 100, 50, 187.02407306215326, 845, 100, 0, 2, 16919, 4
1000, 4, 10, 100, 50, 187.02407306215326, 731, 49, 0, 2, 14622, 4
1000, 4, 10, 100, 50, 187.02407306215326, 797, 116, 0, 2, 15952, 4
1000, 4, 10, 100, 50, 187.02407306215326, 660, 60, 0, 2, 13202, 4
1000, 4, 10, 100, 50, 187.02407306215326, 794, 89, 0, 2, 15882, 4
1000, 4, 10, 100, 50, 187.02407306215326, 733, 62, 0, 2, 14662, 4
1000, 4, 10, 100, 50, 187.02407306215326, 729, 51, 0, 2, 14583, 4
1000, 4, 10, 100, 50, 187.02407306215326, 758, 22, 0, 2, 15167, 4
1000, 4, 10, 100, 50, 187.02407306215326, 832, 91, 0, 2, 16652, 4
1000, 4, 10, 100, 50, 187.02407306215326, 695, 54, 0, 2, 13919, 4
1000, 4, 10, 100, 50, 187.02407306215326, 770, 131, 0, 2, 15412, 4
1000, 4, 10, 100, 50, 187.02407306215326, 714, 19, 0, 2, 14297, 4
1000, 4, 10, 100, 50, 187.02407306215326, 733, 39, 0, 2, 14677, 4
1000, 4, 10, 100, 50, 187.02407306215326, 819, 58, 0, 2, 16397, 4
1000, 4, 10, 100, 50, 187.02407306215326, 775, 63, 0, 2, 15503, 4
1000, 4, 10, 100, 50, 187.02407306215326, 819, 83, 0, 2, 16382, 4
1000, 4, 10, 100, 50, 187.02407306215326, 824, 74, 0, 2, 16493, 4
1000, 4, 10, 100, 50, 187.02407306215326, 854, 28, 0, 2, 17098, 4
1000, 4, 10, 100, 50, 187.02407306215326, 687, 40, 0, 2, 13742, 4
1000, 4, 10, 100, 50, 187.02407306215326, 744, 43, 0, 2, 14883, 4
1000, 4, 10, 100, 50, 187.02407306215326, 750, 36, 0, 2, 15002, 4
1000, 4, 10, 100, 50, 187.02407306215326, 801, 36, 0, 2, 16032, 4
1000, 4, 10, 100, 50, 187.02407306215326, 870, 70, 0, 2, 17403, 4
1000, 4, 10, 100, 50, 187.02407306215326, 854, 79, 0, 2, 17084, 4
1000, 4, 10, 100, 50, 187.02407306215326, 734, 59, 0, 2, 14692, 4
1000, 4, 10, 100, 50, 187.02407306215326, 829, 77, 0, 2, 16578, 4
1000, 4, 10, 100, 50, 187.02407306215326, 799, 46, 0, 2, 15992, 4
1000, 4, 10, 100, 50, 187.02407306215326, 812, 61, 0, 2, 16242, 4
1000, 4, 10, 100, 50, 187.02407306215326, 796, 90, 0, 2, 15932, 4
1000, 4, 10, 100, 50, 187.02407306215326, 688, 71, 0, 2, 13762, 4
1000, 4, 10, 100, 50, 187.02407306215326, 706, 131, 0, 2, 14133, 4
1000, 4, 10, 100, 50, 187.02407306215326, 779, 76, 0, 2, 15597, 4
1000, 4, 10, 100, 50, 187.02407306215326, 680, 47, 0, 2, 13613, 4
1000, 4, 10, 100, 50, 187.02407306215326, 857, 47, 0, 1, 17153, 4
1000, 4, 10, 100, 50, 187.02407306215326, 871, 178, 0, 2, 17424, 4
1000, 4, 10, 100, 50, 187.02407306215326, 768, 62, 0, 2, 15367, 4
1000, 4, 10, 100, 50, 187.02407306215326, 794, 92, 0, 2, 15889, 4
1000, 4, 10, 100, 50, 187.02407306215326, 648, 45, 0, 2, 12967, 4
1000, 4, 10, 100, 50, 187.02407306215326, 711, 69, 0, 2, 14233, 4
1000, 4, 10, 100, 50, 187.02407306215326, 772, 51, 0, 2, 15447, 4
1000, 4, 10, 100, 50, 187.02407306215326, 779, 50, 0, 2, 15588, 4
1000, 4, 10, 100, 50, 187.02407306215326, 750, 60, 0, 2, 15002, 4
1000, 4, 10, 100, 50, 187.02407306215326, 746, 74, 0, 2, 14932, 4
1000, 4, 10, 100, 50, 187.02407306215326, 915, 93, 0, 2, 18317, 4
1000, 4, 10, 100, 50, 187.02407306215326, 687, 86, 0, 2, 13747, 4
1000, 4, 10, 100, 50, 187.02407306215326, 698, 45, 0, 2, 13977, 4
1000, 4, 10, 100, 50, 187.02407306215326, 637, 107, 0, 2, 12743, 4
1000, 4, 10, 100, 50, 187.02407306215326, 863, 41, 0, 2, 17267, 4
1000, 4, 10, 100, 50, 187.02407306215326, 740, 40, 0, 2, 14817, 4
1000, 4, 10, 100, 50, 187.02407306215326, 717, 126, 0, 2, 14359, 4
1000, 4, 10, 100, 50, 187.02407306215326, 819, 92, 0, 2, 16392, 4
1000, 4, 10, 100, 50, 187.02407306215326, 726, 59, 0, 2, 14532, 4
1000, 4, 10, 100, 50, 187.02407306215326, 867, 58, 0, 2, 17358, 4
1000, 4, 10, 100, 50, 187.02407306215326, 807, 67, 0, 2, 16152, 4
1000, 4, 10, 100, 50, 187.02407306215326, 888, 45, 0, 2, 17780, 4
1000, 4, 10, 100, 50, 187.02407306215326, 796, 113, 0, 2, 15927, 4
1000, 4, 10, 100, 50, 187.02407306215326, 739, 51, 0, 2, 14792, 4
1000, 4, 10, 100, 50, 187.02407306215326, 852, 73, 0, 2, 17047, 4
1000, 4, 10, 100, 50, 187.02407306215326, 698, 123, 0, 2, 13965, 4
1000, 4, 10, 100, 50, 187.02407306215326, 869, 85, 0, 2, 17383, 4
1000, 4, 10, 100, 50, 187.02407306215326, 895, 65, 0, 2, 17907, 4
1000, 4, 10, 100, 50, 187.02407306215326, 854, 37, 0, 2, 17087, 4
1000, 4, 10, 100, 50, 187.02407306215326, 697, 111, 0, 2, 13947, 4
1000, 4, 10, 100, 50, 187.02407306215326, 729, 54, 0, 2, 14588, 4
