1000, 8, 10, 100, 50, 93.46173465233007, 770, 70, 0, 185001, 79873, 8
1000, 8, 10, 100, 50, 93.46173465233007, 784, 59, 0, 188890, 81409, 8
1000, 8, 10, 100, 50, 93.46173465233007, 788, 38, 0, 189756, 81607, 8
1000, 8, 10, 100, 50, 93.46173465233007, 817, 60, 0, 189143, 84848, 8
1000, 8, 10, 100, 50, 93.46173465233007, 830, 95, 0, 195370, 86188, 8
1000, 8, 10, 100, 50, 93.46173465233007, 752, 70, 0, 186411, 78093, 8
1000, 8, 10, 100, 50, 93.46173465233007, 788, 88, 0, 189672, 81743, 8
1000, 8, 10, 100, 50, 93.46173465233007, 818, 41, 0, 196516, 84860, 8
1000, 8, 10, 100, 50, 93.46173465233007, 775, 49, 0, 189781, 80683, 8
1000, 8, 10, 100, 50, 93.46173465233007, 728, 81, 0, 176267, 75585, 8
1000, 8, 10, 100, 50, 93.46173465233007, 813, 50, 0, 200894, 84327, 8
1000, 8, 10, 100, 50, 93.46173465233007, 808, 51, 0, 187405, 83657, 8
1000, 8, 10, 100, 50, 93.46173465233007, 687, 105, 0, 165832, 71212, 8
1000, 8, 10, 100, 50, 93.46173465233007, 725, 47, 0, 177127, 75355, 8
1000, 8, 10, 100, 50, 93.46173465233007, 802, 31, 0, 185707, 83377, 8
1000, 8, 10, 100, 50, 93.46173465233007, 710, 62, 0, 180952, 73642, 8
1000, 8, 10, 100, 50, 93.46173465233007, 749, 76, 0, 179536, 77628, 8
1000, 8, 10, 100, 50, 93.46173465233007, 827, 61, 0, 197237, 85536, 8
1000, 8, 10, 100, 50, 93.46173465233007, 778, 71, 0, 195343, 80643, 8
1000, 8, 10, 100, 50, 93.46173465233007, 721, 47, 0, 180009, 74813, 8
1000, 8, 10, 100, 50, 93.46173465233007, 774, 79, 0, 186354, 80425, 8
1000, 8, 10, 100, 50, 93.46173465233007, 862, 81, 0, 204924, 89514, 8
1000, 8, 10, 100, 50, 93.46173465233007, 740, 41, 0, 183105, 77012, 8
1000, 8, 10, 100, 50, 93.46173465233007, 844, 59, 0, 201690, 87505, 8
1000, 8, 10, 100, 50, 93.46173465233007, 704, 59, 0, 175096, 73242, 8
1000, 8, 10, 100, 50, 93.46173465233007, 733, 60, 0, 171798, 75848, 8
1000, 8, 10, 100, 50, 93.46173465233007, 741, 48, 0, 176994, 76771, 8
1000, 8, 10, 100, 50, 93.46173465233007, 854, 55, 0, 203666, 88467, 8
1000, 8, 10, 100, 50, 93.46173465233007, 751, 86, 0, 185358, 77821, 8
1000, 8, 10, 100, 50, 93.46173465233007, 781, 52, 0, 180388, 81179, 8
1000, 8, 10, 100, 50, 93.46173465233007, 908, 50, 0, 215211, 93797, 8
1000, 8, 10, 100, 50, 93.46173465233007, 722, 38, 0, 171602, 74963, 8
1000, 8, 10, 100, 50, 93.46173465233007, 801, 100, 0, 190650, 83074, 8
1000, 8, 10, 100, 50, 93.46173465233007, 743, 107, 0, 184410, 77047, 8
1000, 8, 10, 100, 50, 93.46173465233007, 807, 61, 0, 191623, 83631, 8
1000, 8, 10, 100, 50, 93.46173465233007, 816, 53, 0, 191451, 84658, 8
1000, 8, 10, 100, 50, 93.46173465233007, 744, 71, 0, 182867, 77143, 8
1000, 8, 10, 100, 50, 93.46173465233007, 904, 57, 0, 219667, 93725, 8
1000, 8, 10, 100, 50, 93.46173465233007, 694, 46, 0, 168795, 71979, 8
1000, 8, 10, 100, 50, 93.46173465233007, 696, 28, 0, 179735, 72281, 8
1000, 8, 10, 100, 50, 93.46173465233007, 864, 54, 0, 203333, 89603, 8
1000, 8, 10, 100, 50, 93.46173465233007, 728, 65, 0, 174086, 75661, 8
1000, 8, 10, 100, 50, 93.46173465233007, 766, 52, 0, 182556, 79431, 8
1000, 8, 10, 100, 50, 93.46173465233007, 762, 48, 0, 180397, 79359, 8
1000, 8, 10, 100, 50, 93.46173465233007, 806, 68, 0, 189538, 83518, 8
1000, 8, 10, 100, 50, 93.46173465233007, 828, 75, 0, 193460, 85870, 8
1000, 8, 10, 100, 50, 93.46173465233007, 868, 82, 0, 209173, 90096, 8
1000, 8, 10, 100, 50, 93.46173465233007, 848, 39, 0, 196054, 87898, 8
1000, 8, 10, 100, 50, 93.46173465233007, 765, 38, 0, 191410, 79346, 8
1000, 8, 10, 100, 50, 93.46173465233007, 646, 79, 0, 160766, 67097, 8
1000, 8, 10, 100, 50, 93.46173465233007, 717, 59, 0, 174415, 74252, 8
1000, 8, 10, 100, 50, 93.46173465233007, 719, 59, 0, 174849, 74629, 8
1000, 8, 10, 100, 50, 93.46173465233007, 756, 54, 0, 180142, 78237, 8
1000, 8, 10, 100, 50, 93.46173465233007, 772, 43, 0, 186231, 80121, 8
1000, 8, 10, 100, 50, 93.46173465233007, 744, 64, 0, 179601, 77247, 8
1000, 8, 10, 100, 50, 93.46173465233007, 760, 32, 0, 181700, 78496, 8
1000, 8, 10, 100, 50, 93.46173465233007, 695, 84, 0, 166794, 72185, 8
1000, 8, 10, 100, 50, 93.46173465233007, 750, 76, 0, 182658, 77696, 8
1000, 8, 10, 100, 50, 93.46173465233007, 736, 41, 0, 182087, 76401, 8
1000, 8, 10, 100, 50, 93.46173465233007, 743, 66, 0, 174195, 77260, 8
1000, 8, 10, 100, 50, 93.46173465233007, 731, 50, 0, 176128, 75609, 8
1000, 8, 10, 100, 50, 93.46173465233007, 881, 68, 0, 208341, 91455, 8
1000, 8, 10, 100, 50, 93.46173465233007, 709, 65, 0, 175361, 73683, 8
1000, 8, 10, 100, 50, 93.46173465233007, 711, 82, 0, 176306, 73783, 8
1000, 8, 10, 100, 50, 93.46173465233007, 710, 61, 0, 172860, 73398, 8
