1000, 8, 10, 100, 50, 93.46173465233007, 122, 55, 0, 57206, 12756, 8
1000, 8, 10, 100, 50, 93.46173465233007, 131, 31, 0, 62582, 13677, 8
1000, 8, 10, 100, 50, 93.46173465233007, 107, 50, 0, 55692, 11241, 8
1000, 8, 10, 100, 50, 93.46173465233007, 123, 44, 0, 57291, 12868, 8
1000, 8, 10, 100, 50, 93.46173465233007, 114, 36, 0, 60289, 11995, 8
1000, 8, 10, 100, 50, 93.46173465233007, 152, 42, 0, 63317, 15896, 8
1000, 8, 10, 100, 50, 93.46173465233007, 126, 39, 0, 66230, 13224, 8
1000, 8, 10, 100, 50, 93.46173465233007, 90, 49, 0, 54567, 9421, 8
1000, 8, 10, 100, 50, 93.46173465233007, 86, 51, 0, 56368, 9009, 8
1000, 8, 10, 100, 50, 93.46173465233007, 138, 49, 0, 61718, 14526, 8
1000, 8, 10, 100, 50, 93.46173465233007, 111, 45, 0, 55733, 11573, 8
1000, 8, 10, 100, 50, 93.46173465233007, 113, 49, 0, 56810, 11831, 8
1000, 8, 10, 100, 50, 93.46173465233007, 133, 44, 0, 64480, 13959, 8
1000, 8, 10, 100, 50, 93.46173465233007, 134, 35, 0, 62793, 14006, 8
1000, 8, 10, 100, 50, 93.46173465233007, 121, 66, 0, 57684, 12723, 8
1000, 8, 10, 100, 50, 93.46173465233007, 107, 43, 0, 57232, 11180, 8
1000, 8, 10, 100, 50, 93.46173465233007, 104, 66, 0, 56706, 10954, 8
1000, 8, 10, 100, 50, 93.46173465233007, 125, 45, 0, 56478, 13112, 8
1000, 8, 10, 100, 50, 93.46173465233007, 127, 68, 0, 58482, 13309, 8
1000, 8, 10, 100, 50, 93.46173465233007, 102, 26, 0, 58010, 10749, 8
1000, 8, 10, 100, 50, 93.46173465233007, 111, 40, 0, 59047, 11681, 8
1000, 8, 10, 100, 50, 93.46173465233007, 136, 36, 0, 60829, 14249, 8
1000, 8, 10, 100, 50, 93.46173465233007, 134, 77, 0, 61907, 14057, 8
1000, 8, 10, 100, 50, 93.46173465233007, 128, 44, 0, 60989, 13519, 8
1000, 8, 10, 100, 50, 93.46173465233007, 115, 36, 0, 58049, 12100, 8
1000, 8, 10, 100, 50, 93.46173465233007, 175, 39, 0, 70053, 18328, 8
1000, 8, 10, 100, 50, 93.46173465233007, 173, 53, 0, 66748, 18140, 8
1000, 8, 10, 100, 50, 93.46173465233007, 91, 42, 0, 50374, 9610, 8
1000, 8, 10, 100, 50, 93.46173465233007, 155, 50, 0, 63820, 16270, 8
1000, 8, 10, 100, 50, 93.46173465233007, 146, 46, 0, 65018, 15299, 8
1000, 8, 10, 100, 50, 93.46173465233007, 90, 32, 0, 48613, 9511, 8
1000, 8, 10, 100, 50, 93.46173465233007, 103, 34, 0, 57721, 10843, 8
1000, 8, 10, 100, 50, 93.46173465233007, 112, 41, 0, 52652, 11707, 8
1000, 8, 10, 100, 50, 93.46173465233007, 126, 36, 0, 55862, 13186, 8
1000, 8, 10, 100, 50, 93.46173465233007, 146, 42, 0, 65777, 15320, 8
1000, 8, 10, 100, 50, 93.46173465233007, 134, 24, 0, 60932, 14074, 8
1000, 8, 10, 100, 50, 93.46173465233007, 96, 37, 0, 54988, 10147, 8
1000, 8, 10, 100, 50, 93.46173465233007, 103, 41, 0, 53389, 10755, 8
1000, 8, 10, 100, 50, 93.46173465233007, 145, 52, 0, 67014, 15224, 8
1000, 8, 10, 100, 50, 93.46173465233007, 115, 48, 0, 54266, 12090, 8
1000, 8, 10, 100, 50, 93.46173465233007, 133, 40, 0, 64750, 13916, 8
1000, 8, 10, 100, 50, 93.46173465233007, 104, 78, 0, 55533, 10914, 8
1000, 8, 10, 100, 50, 93.46173465233007, 106, 23, 0, 58639, 11127, 8
1000, 8, 10, 100, 50, 93.46173465233007, 111, 30, 0, 55833, 11598, 8
1000, 8, 10, 100, 50, 93.46173465233007, 106, 27, 0, 57318, 11089, 8
1000, 8, 10, 100, 50, 93.46173465233007, 96, 41, 0, 52889, 10122, 8
1000, 8, 10, 100, 50, 93.46173465233007, 112, 41, 0, 59164, 11665, 8
1000, 8, 10, 100, 50, 93.46173465233007, 118, 55, 0, 65147, 12392, 8
1000, 8, 10, 100, 50, 93.46173465233007, 110, 25, 0, 56515, 11563, 8
1000, 8, 10, 100, 50, 93.46173465233007, 142, 38, 0, 60605, 14903, 8
1000, 8, 10, 100, 50, 93.46173465233007, 123, 74, 0, 59440, 12893, 8
1000, 8, 10, 100, 50, 93.46173465233007, 96, 64, 0, 52455, 10079, 8
1000, 8, 10, 100, 50, 93.46173465233007, 103, 28, 0, 53937, 10778, 8
1000, 8, 10, 100, 50, 93.46173465233007, 138, 46, 0, 59849, 14434, 8
1000, 8, 10, 100, 50, 93.46173465233007, 112, 31, 0, 54928, 11766, 8
1000, 8, 10, 100, 50, 93.46173465233007, 104, 49, 0, 58507, 10964, 8
1000, 8, 10, 100, 50, 93.46173465233007, 97, 50, 0, 57854, 10219, 8
1000, 8, 10, 100, 50, 93.46173465233007, 116, 35, 0, 60147, 12161, 8
1000, 8, 10, 100, 50, 93.46173465233007, 123, 37, 0, 57688, 12919, 8
1000, 8, 10, 100, 50, 93.46173465233007, 150, 37, 0, 71514, 15678, 8
1000, 8, 10, 100, 50, 93.46173465233007, 122, 49, 0, 57071, 12753, 8
1000, 8, 10, 100, 50, 93.46173465233007, 120, 30, 0, 58871, 12537, 8
1000, 8, 10, 100, 50, 93.46173465233007, 107, 30, 0, 57291, 11210, 8
1000, 8, 10, 100, 50, 93.46173465233007, 113, 45, 0, 60189, 11956, 8
1000, 8, 10, 100, 50, 93.46173465233007, 122, 33, 0, 60303, 12806, 8
1000, 8, 10, 100, 50, 93.46173465233007, 102, 35, 0, 57366, 10717, 8
1000, 8, 10, 100, 50, 93.46173465233007, 101, 68, 0, 54764, 10643, 8
1000, 8, 10, 100, 50, 93.46173465233007, 101, 47, 0, 52794, 10625, 8
1000, 8, 10, 100, 50, 93.46173465233007, 107, 43, 0, 54916, 11295, 8
1000, 8, 10, 100, 50, 93.46173465233007, 101, 43, 0, 55131, 10588, 8
1000, 8, 10, 100, 50, 93.46173465233007, 129, 53, 0, 65083, 13556, 8
1000, 8, 10, 100, 50, 93.46173465233007, 114, 41, 0, 58720, 11945, 8
1000, 8, 10, 100, 50, 93.46173465233007, 286, 41, 0, 84795, 29785, 8
1000, 8, 10, 100, 50, 93.46173465233007, 103, 82, 0, 58872, 10732, 8
1000, 8, 10, 100, 50, 93.46173465233007, 140, 61, 0, 56651, 14672, 8
1000, 8, 10, 100, 50, 93.46173465233007, 100, 29, 0, 54346, 10513, 8
1000, 8, 10, 100, 50, 93.46173465233007, 130, 31, 0, 62472, 13664, 8
1000, 8, 10, 100, 50, 93.46173465233007, 107, 47, 0, 53647, 11165, 8
1000, 8, 10, 100, 50, 93.46173465233007, 126, 52, 0, 59583, 13211, 8
1000, 8, 10, 100, 50, 93.46173465233007, 99, 73, 0, 53977, 10434, 8
1000, 8, 10, 100, 50, 93.46173465233007, 140, 46, 0, 65057, 14718, 8
1000, 8, 10, 100, 50, 93.46173465233007, 128, 41, 0, 57246, 13409, 8
1000, 8, 10, 100, 50, 93.46173465233007, 115, 62, 0, 59338, 12045, 8
1000, 8, 10, 100, 50, 93.46173465233007, 88, 25, 0, 49979, 9217, 8
1000, 8, 10, 100, 50, 93.46173465233007, 149, 22, 0, 64541, 15566, 8
1000, 8, 10, 100, 50, 93.46173465233007, 114, 41, 0, 57864, 11958, 8
1000, 8, 10, 100, 50, 93.46173465233007, 148, 42, 0, 64007, 15474, 8
1000, 8, 10, 100, 50, 93.46173465233007, 120, 21, 0, 60456, 12609, 8
1000, 8, 10, 100, 50, 93.46173465233007, 121, 24, 0, 64896, 12710, 8
1000, 8, 10, 100, 50, 93.46173465233007, 109, 40, 0, 51901, 11488, 8
1000, 8, 10, 100, 50, 93.46173465233007, 113, 52, 0, 61553, 11837, 8
1000, 8, 10, 100, 50, 93.46173465233007, 119, 33, 0, 60715, 12510, 8
1000, 8, 10, 100, 50, 93.46173465233007, 117, 42, 0, 57260, 12208, 8
1000, 8, 10, 100, 50, 93.46173465233007, 116, 39, 0, 60706, 12125, 8
1000, 8, 10, 100, 50, 93.46173465233007, 109, 46, 0, 58671, 11452, 8
1000, 8, 10, 100, 50, 93.46173465233007, 88, 70, 0, 53427, 9225, 8
1000, 8, 10, 100, 50, 93.46173465233007, 129, 48, 0, 58678, 13564, 8
1000, 8, 10, 100, 50, 93.46173465233007, 114, 30, 0, 65540, 11964, 8
1000, 8, 10, 100, 50, 93.46173465233007, 129, 85, 0, 63257, 13477, 8
1000, 8, 10, 100, 50, 93.46173465233007, 112, 49, 0, 52705, 11753, 8
