1000, 128, 100, 5, 127, 0.22568852284022425, 31, 100.0, 6, 1498, 262, 1498.0, 19342, 11.0, 2.8181818181818183
1000, 128, 100, 5, 127, 0.2223026819355027, 43, 100.0, 14, 3133, 2344, 3133.0, 19342, 11.0, 3.909090909090909
1000, 128, 100, 5, 127, 0.2588039911978921, 29, 100.0, 9, 2116, 500, 2116.0, 19342, 11.0, 2.6363636363636362
1000, 128, 100, 5, 127, 0.2688102134531318, 34, 100.0, 8, 2050, 762, 2050.0, 19342, 11.0, 3.090909090909091
1000, 128, 100, 5, 127, 0.22848188529422717, 47, 100.0, 12, 2044, 208, 2044.0, 19342, 11.0, 4.2727272727272725
1000, 128, 100, 5, 127, 0.26396009550665084, 27, 100.0, 19, 1926, 260, 1926.0, 19342, 11.0, 2.4545454545454546
1000, 128, 100, 5, 127, 0.23205078352790925, 34, 100.0, 6, 1544, 508, 1544.0, 19342, 11.0, 3.090909090909091
1000, 128, 100, 5, 127, 0.22697069758875796, 35, 100.0, 7, 2350, 880, 2350.0, 19342, 11.0, 3.1818181818181817
1000, 128, 100, 5, 127, 0.22423173992357182, 34, 100.0, 7, 2109, 1054, 2109.0, 19342, 11.0, 3.090909090909091
1000, 128, 100, 5, 127, 0.2566496689297693, 31, 100.0, 12, 1781, 804, 1781.0, 19342, 11.0, 2.8181818181818183
1000, 128, 100, 5, 127, 0.20676129341725738, 42, 100.0, 12, 2345, 1270, 2345.0, 19342, 11.0, 3.8181818181818183
1000, 128, 100, 5, 127, 0.25161768779673543, 32, 100.0, 14, 2538, 1270, 2538.0, 19342, 11.0, 2.909090909090909
1000, 128, 100, 5, 127, 0.24572789340383233, 31, 100.0, 6, 1993, 830, 1993.0, 19342, 11.0, 2.8181818181818183
1000, 128, 100, 5, 127, 0.283050950662911, 21, 100.0, 21, 1302, 456, 1302.0, 19342, 11.0, 1.9090909090909092
1000, 128, 100, 5, 127, 0.23650090850274288, 36, 100.0, 6, 1541, 508, 1541.0, 19342, 11.0, 3.272727272727273
1000, 128, 100, 5, 127, 0.2389867425519354, 32, 100.0, 8, 2391, 2032, 2391.0, 19342, 11.0, 2.909090909090909
1000, 128, 100, 5, 127, 0.23248951034552715, 40, 100.0, 13, 2358, 820, 2358.0, 19342, 11.0, 3.6363636363636362
1000, 128, 100, 5, 127, 0.2206724272603932, 35, 100.0, 7, 2968, 2540, 2968.0, 19342, 11.0, 3.1818181818181817
1000, 128, 100, 5, 127, 0.2464950014362992, 33, 100.0, 16, 1676, 636, 1676.0, 19342, 11.0, 3.0
1000, 128, 100, 5, 127, 0.25106044619453605, 37, 100.0, 21, 1815, 644, 1815.0, 19342, 11.0, 3.3636363636363638
1000, 128, 100, 5, 127, 0.21356205484278926, 35, 100.0, 6, 2069, 340, 2069.0, 19342, 11.0, 3.1818181818181817
1000, 128, 100, 5, 127, 0.26050681393129316, 43, 100.0, 10, 2382, 1270, 2382.0, 19342, 11.0, 3.909090909090909
1000, 128, 100, 5, 127, 0.23519323765393252, 34, 100.0, 9, 2607, 1198, 2607.0, 19339, 11.0, 3.090909090909091
1000, 128, 100, 5, 127, 0.24209774857229233, 33, 100.0, 7, 2236, 844, 2236.0, 19342, 11.0, 3.0
1000, 128, 100, 5, 127, 0.258971459583273, 35, 100.0, 16, 1660, 768, 1660.0, 19342, 11.0, 3.1818181818181817
1000, 128, 100, 5, 127, 0.27871883313474943, 33, 100.0, 13, 1477, 254, 1477.0, 19342, 11.0, 3.0
1000, 128, 100, 5, 127, 0.24058293669122746, 42, 100.0, 6, 3347, 1308, 3347.0, 19342, 11.0, 3.8181818181818183
1000, 128, 100, 5, 127, 0.26013892084973544, 34, 100.0, 14, 1439, 148, 1439.0, 19342, 11.0, 3.090909090909091
