1000, 16, 100, 5, 0, 0.11045596904299224, 144, 100.0, 104, 1454, 0, 1454.0, 2, 87.0, 1.6551724137931034
1000, 16, 100, 5, 0, 0.11880295822397692, 131, 100.0, 95, 1338, 0, 1338.0, 2, 87.0, 1.5057471264367817
1000, 16, 100, 5, 0, 0.1163188949102734, 126, 100.0, 72, 1277, 0, 1277.0, 2, 87.0, 1.4482758620689655
1000, 16, 100, 5, 0, 0.11091008509827363, 158, 100.0, 71, 1601, 0, 1601.0, 2, 87.0, 1.8160919540229885
1000, 16, 100, 5, 0, 0.10655001612717724, 176, 100.0, 85, 1772, 0, 1772.0, 2, 87.0, 2.0229885057471266
1000, 16, 100, 5, 0, 0.12563292475291243, 159, 100.0, 102, 1591, 0, 1591.0, 2, 87.0, 1.8275862068965518
1000, 16, 100, 5, 0, 0.11383868994876184, 140, 100.0, 81, 1412, 0, 1412.0, 2, 87.0, 1.6091954022988506
1000, 16, 100, 5, 0, 0.11254506231760449, 146, 100.0, 68, 1474, 0, 1474.0, 2, 87.0, 1.6781609195402298
1000, 16, 100, 5, 0, 0.12566107595016862, 131, 100.0, 75, 1316, 0, 1316.0, 2, 87.0, 1.5057471264367817
1000, 16, 100, 5, 0, 0.12920701076709215, 132, 100.0, 91, 1329, 0, 1329.0, 2, 87.0, 1.5172413793103448
1000, 16, 100, 5, 0, 0.11671529196102207, 141, 100.0, 73, 1420, 0, 1420.0, 2, 87.0, 1.6206896551724137
1000, 16, 100, 5, 0, 0.11780607456596194, 142, 100.0, 67, 1442, 0, 1442.0, 2, 87.0, 1.632183908045977
1000, 16, 100, 5, 0, 0.11984333259140587, 133, 100.0, 59, 1346, 0, 1346.0, 2, 87.0, 1.528735632183908
1000, 16, 100, 5, 0, 0.13143811231873478, 122, 100.0, 99, 1239, 0, 1239.0, 2, 87.0, 1.4022988505747127
1000, 16, 100, 5, 0, 0.11587953119268339, 164, 100.0, 70, 1645, 0, 1645.0, 2, 87.0, 1.8850574712643677
1000, 16, 100, 5, 0, 0.11256882627316532, 157, 100.0, 56, 1594, 0, 1594.0, 2, 87.0, 1.8045977011494252
1000, 16, 100, 5, 0, 0.1304279223757764, 126, 100.0, 118, 1273, 0, 1273.0, 2, 87.0, 1.4482758620689655
1000, 16, 100, 5, 0, 0.1154437694914673, 158, 100.0, 48, 1608, 0, 1608.0, 2, 87.0, 1.8160919540229885
1000, 16, 100, 5, 0, 0.12624627622785456, 126, 100.0, 120, 1281, 0, 1281.0, 2, 87.0, 1.4482758620689655
1000, 16, 100, 5, 0, 0.11679927398420578, 158, 100.0, 82, 1592, 0, 1592.0, 2, 87.0, 1.8160919540229885
1000, 16, 100, 5, 0, 0.11269545875258545, 159, 100.0, 43, 1598, 0, 1598.0, 2, 87.0, 1.8275862068965518
1000, 16, 100, 5, 0, 0.11748357988173842, 131, 100.0, 35, 1324, 0, 1324.0, 2, 87.0, 1.5057471264367817
1000, 16, 100, 5, 0, 0.12745550414995951, 138, 100.0, 82, 1388, 0, 1388.0, 2, 87.0, 1.5862068965517242
1000, 16, 100, 5, 0, 0.11867001241656353, 126, 100.0, 101, 1270, 0, 1270.0, 2, 87.0, 1.4482758620689655
1000, 16, 100, 5, 0, 0.11220001311558496, 144, 100.0, 71, 1450, 0, 1450.0, 2, 87.0, 1.6551724137931034
1000, 16, 100, 5, 0, 0.11556129208596977, 158, 100.0, 66, 1590, 0, 1590.0, 2, 87.0, 1.8160919540229885
1000, 16, 100, 5, 0, 0.12243428878478144, 126, 100.0, 90, 1276, 0, 1276.0, 2, 87.0, 1.4482758620689655
1000, 16, 100, 5, 0, 0.12368089430521673, 136, 100.0, 70, 1367, 0, 1367.0, 2, 87.0, 1.5632183908045978
1000, 16, 100, 5, 0, 0.11770075865598195, 145, 100.0, 46, 1455, 0, 1455.0, 2, 87.0, 1.6666666666666667
1000, 16, 100, 5, 0, 0.12852207708770944, 133, 100.0, 94, 1340, 0, 1340.0, 2, 87.0, 1.528735632183908
1000, 16, 100, 5, 0, 0.11864720097936686, 134, 100.0, 123, 1340, 0, 1340.0, 2, 87.0, 1.5402298850574712
1000, 16, 100, 5, 0, 0.11250202189257447, 149, 100.0, 38, 1497, 0, 1497.0, 2, 87.0, 1.7126436781609196
1000, 16, 100, 5, 0, 0.11038001558024527, 155, 100.0, 113, 1554, 0, 1554.0, 2, 87.0, 1.7816091954022988
1000, 16, 100, 5, 0, 0.10921423894752276, 179, 100.0, 58, 1798, 0, 1798.0, 2, 87.0, 2.057471264367816
1000, 16, 100, 5, 0, 0.11499044516942014, 164, 100.0, 37, 1651, 0, 1651.0, 2, 87.0, 1.8850574712643677
1000, 16, 100, 5, 0, 0.11363740617227432, 158, 100.0, 125, 1599, 0, 1599.0, 2, 87.0, 1.8160919540229885
1000, 16, 100, 5, 0, 0.12346910686924963, 128, 100.0, 108, 1296, 0, 1296.0, 2, 87.0, 1.471264367816092
1000, 16, 100, 5, 0, 0.11941284105758762, 134, 100.0, 113, 1356, 0, 1356.0, 2, 87.0, 1.5402298850574712
1000, 16, 100, 5, 0, 0.11782873543459402, 143, 100.0, 137, 1456, 0, 1456.0, 2, 87.0, 1.6436781609195403
1000, 16, 100, 5, 0, 0.11826829139958901, 138, 100.0, 57, 1406, 0, 1406.0, 2, 87.0, 1.5862068965517242
1000, 16, 100, 5, 0, 0.11122362226002543, 164, 100.0, 120, 1668, 0, 1668.0, 2, 87.0, 1.8850574712643677
1000, 16, 100, 5, 0, 0.11329057360925013, 144, 100.0, 48, 1450, 0, 1450.0, 2, 87.0, 1.6551724137931034
1000, 16, 100, 5, 0, 0.12210666074965551, 131, 100.0, 70, 1326, 0, 1326.0, 2, 87.0, 1.5057471264367817
1000, 16, 100, 5, 0, 0.1099206334629374, 167, 100.0, 76, 1686, 0, 1686.0, 2, 87.0, 1.9195402298850575
1000, 16, 100, 5, 0, 0.1275428112306992, 126, 100.0, 61, 1274, 0, 1274.0, 2, 87.0, 1.4482758620689655
1000, 16, 100, 5, 0, 0.11146460189434716, 171, 100.0, 85, 1732, 0, 1732.0, 2, 87.0, 1.9655172413793103
1000, 16, 100, 5, 0, 0.11150862787154137, 148, 100.0, 49, 1484, 0, 1484.0, 2, 87.0, 1.7011494252873562
1000, 16, 100, 5, 0, 0.12533308514880978, 152, 100.0, 105, 1525, 0, 1525.0, 2, 87.0, 1.7471264367816093
1000, 16, 100, 5, 0, 0.12216392299887431, 136, 100.0, 53, 1366, 0, 1366.0, 2, 87.0, 1.5632183908045978
1000, 16, 100, 5, 0, 0.10468586610552318, 192, 100.0, 119, 1934, 0, 1934.0, 2, 87.0, 2.206896551724138
1000, 16, 100, 5, 0, 0.12715933613113936, 117, 100.0, 112, 1176, 0, 1176.0, 2, 87.0, 1.3448275862068966
1000, 16, 100, 5, 0, 0.11641252666110626, 128, 100.0, 25, 1298, 0, 1298.0, 2, 87.0, 1.471264367816092
1000, 16, 100, 5, 0, 0.10641724289620372, 183, 100.0, 47, 1862, 0, 1862.0, 2, 87.0, 2.103448275862069
1000, 16, 100, 5, 0, 0.1142733214315115, 142, 100.0, 51, 1435, 0, 1435.0, 2, 87.0, 1.632183908045977
1000, 16, 100, 5, 0, 0.1163358700496881, 138, 100.0, 31, 1391, 0, 1391.0, 2, 87.0, 1.5862068965517242
1000, 16, 100, 5, 0, 0.11992050419767146, 128, 100.0, 73, 1286, 0, 1286.0, 2, 87.0, 1.471264367816092
1000, 16, 100, 5, 0, 0.11610728497104587, 160, 100.0, 71, 1627, 0, 1627.0, 2, 87.0, 1.839080459770115
1000, 16, 100, 5, 0, 0.11559715675997925, 148, 100.0, 71, 1499, 0, 1499.0, 2, 87.0, 1.7011494252873562
1000, 16, 100, 5, 0, 0.11898469691949477, 145, 100.0, 76, 1464, 0, 1464.0, 2, 87.0, 1.6666666666666667
1000, 16, 100, 5, 0, 0.11082064505349175, 153, 100.0, 59, 1556, 0, 1556.0, 2, 87.0, 1.7586206896551724
1000, 16, 100, 5, 0, 0.12004595676537294, 129, 100.0, 104, 1295, 0, 1295.0, 2, 87.0, 1.4827586206896552
1000, 16, 100, 5, 0, 0.11564976867910827, 165, 100.0, 76, 1671, 0, 1671.0, 2, 87.0, 1.896551724137931
1000, 16, 100, 5, 0, 0.11257404441464387, 155, 100.0, 55, 1574, 0, 1574.0, 2, 87.0, 1.7816091954022988
1000, 16, 100, 5, 0, 0.11494041012837362, 138, 100.0, 124, 1400, 0, 1400.0, 2, 87.0, 1.5862068965517242
1000, 16, 100, 5, 0, 0.11975143117607008, 151, 100.0, 78, 1524, 0, 1524.0, 2, 87.0, 1.735632183908046
1000, 16, 100, 5, 0, 0.11471672523445882, 143, 100.0, 103, 1436, 0, 1436.0, 2, 87.0, 1.6436781609195403
1000, 16, 100, 5, 0, 0.11463407248571235, 160, 100.0, 142, 1616, 0, 1616.0, 2, 87.0, 1.839080459770115
1000, 16, 100, 5, 0, 0.12393890442131926, 118, 100.0, 65, 1178, 0, 1178.0, 2, 87.0, 1.3563218390804597
1000, 16, 100, 5, 0, 0.10860214993557606, 163, 100.0, 163, 1644, 0, 1644.0, 2, 87.0, 1.8735632183908046
1000, 16, 100, 5, 0, 0.1120152658551758, 152, 100.0, 77, 1522, 0, 1522.0, 2, 87.0, 1.7471264367816093
1000, 16, 100, 5, 0, 0.11546028438492893, 143, 100.0, 80, 1432, 0, 1432.0, 2, 87.0, 1.6436781609195403
1000, 16, 100, 5, 0, 0.11547714772074008, 131, 100.0, 89, 1318, 0, 1318.0, 2, 87.0, 1.5057471264367817
1000, 16, 100, 5, 0, 0.11480066397687361, 142, 100.0, 104, 1428, 0, 1428.0, 2, 87.0, 1.632183908045977
1000, 16, 100, 5, 0, 0.12503113879592706, 118, 100.0, 47, 1186, 0, 1186.0, 2, 87.0, 1.3563218390804597
1000, 16, 100, 5, 0, 0.11622355442445012, 142, 100.0, 67, 1425, 0, 1425.0, 2, 87.0, 1.632183908045977
1000, 16, 100, 5, 0, 0.12783391963137955, 126, 100.0, 57, 1282, 0, 1282.0, 2, 87.0, 1.4482758620689655
1000, 16, 100, 5, 0, 0.12503739730598126, 132, 100.0, 114, 1336, 0, 1336.0, 2, 87.0, 1.5172413793103448
1000, 16, 100, 5, 0, 0.1138204867724894, 161, 100.0, 69, 1614, 0, 1614.0, 2, 87.0, 1.8505747126436782
1000, 16, 100, 5, 0, 0.10945815613158984, 162, 100.0, 56, 1644, 0, 1644.0, 2, 87.0, 1.8620689655172413
1000, 16, 100, 5, 0, 0.11242719492893012, 161, 100.0, 41, 1614, 0, 1614.0, 2, 87.0, 1.8505747126436782
1000, 16, 100, 5, 0, 0.11327779036864179, 150, 100.0, 68, 1506, 0, 1506.0, 2, 87.0, 1.7241379310344827
1000, 16, 100, 5, 0, 0.11156834922302475, 147, 100.0, 101, 1476, 0, 1476.0, 2, 87.0, 1.6896551724137931
1000, 16, 100, 5, 0, 0.11859211341278585, 138, 100.0, 83, 1396, 0, 1396.0, 2, 87.0, 1.5862068965517242
1000, 16, 100, 5, 0, 0.11595613864670323, 134, 100.0, 74, 1359, 0, 1359.0, 2, 87.0, 1.5402298850574712
1000, 16, 100, 5, 0, 0.1258396403349954, 129, 100.0, 84, 1299, 0, 1299.0, 2, 87.0, 1.4827586206896552
1000, 16, 100, 5, 0, 0.12056078533358001, 153, 100.0, 150, 1544, 0, 1544.0, 2, 87.0, 1.7586206896551724
1000, 16, 100, 5, 0, 0.11328555609595843, 147, 100.0, 147, 1480, 0, 1480.0, 2, 87.0, 1.6896551724137931
1000, 16, 100, 5, 0, 0.1081464569028399, 169, 100.0, 70, 1715, 0, 1715.0, 2, 87.0, 1.9425287356321839
1000, 16, 100, 5, 0, 0.11958585591254937, 136, 100.0, 71, 1366, 0, 1366.0, 2, 87.0, 1.5632183908045978
1000, 16, 100, 5, 0, 0.11385152598523135, 167, 100.0, 66, 1685, 0, 1685.0, 2, 87.0, 1.9195402298850575
1000, 16, 100, 5, 0, 0.12162418483565678, 138, 100.0, 114, 1390, 0, 1390.0, 2, 87.0, 1.5862068965517242
1000, 16, 100, 5, 0, 0.11936662514642925, 135, 100.0, 42, 1370, 0, 1370.0, 2, 87.0, 1.5517241379310345
1000, 16, 100, 5, 0, 0.10877224547340032, 176, 100.0, 92, 1788, 0, 1788.0, 2, 87.0, 2.0229885057471266
1000, 16, 100, 5, 0, 0.11133138427613262, 175, 100.0, 119, 1776, 0, 1776.0, 2, 87.0, 2.0114942528735633
1000, 16, 100, 5, 0, 0.11313727751832624, 151, 100.0, 106, 1518, 0, 1518.0, 2, 87.0, 1.735632183908046
1000, 16, 100, 5, 0, 0.11515092429107675, 150, 100.0, 62, 1510, 0, 1510.0, 2, 87.0, 1.7241379310344827
1000, 16, 100, 5, 0, 0.1184993710486095, 138, 100.0, 114, 1396, 0, 1396.0, 2, 87.0, 1.5862068965517242
1000, 16, 100, 5, 0, 0.12881160566271238, 145, 100.0, 114, 1472, 0, 1472.0, 2, 87.0, 1.6666666666666667
1000, 16, 100, 5, 0, 0.11516065558632406, 165, 100.0, 97, 1684, 0, 1684.0, 2, 87.0, 1.896551724137931
1000, 16, 100, 5, 0, 0.11650247043524459, 133, 100.0, 118, 1348, 0, 1348.0, 2, 87.0, 1.528735632183908
