1000, 4, 100, 5, 3, 0.09943426343572177, 542, 100.0, 124, 16556, 414, 16556.0, 19342, 346.0, 1.5664739884393064
1000, 4, 100, 5, 3, 0.09951461584945642, 476, 100.0, 161, 14545, 306, 14545.0, 19342, 346.0, 1.3757225433526012
1000, 4, 100, 5, 3, 0.09951618795323729, 511, 100.0, 127, 15636, 384, 15636.0, 19342, 346.0, 1.476878612716763
1000, 4, 100, 5, 3, 0.09955778693487183, 436, 100.0, 175, 13273, 306, 13273.0, 19342, 346.0, 1.260115606936416
1000, 4, 100, 5, 3, 0.09945581208281551, 522, 100.0, 155, 16042, 524, 16042.0, 19342, 346.0, 1.5086705202312138
1000, 4, 100, 5, 3, 0.09951137891527954, 403, 100.0, 233, 12373, 380, 12373.0, 19342, 346.0, 1.1647398843930636
1000, 4, 100, 5, 3, 0.0996703694054211, 454, 100.0, 168, 13958, 420, 13958.0, 19342, 346.0, 1.3121387283236994
1000, 4, 100, 5, 3, 0.09969173833349573, 412, 100.0, 119, 12622, 362, 12622.0, 19342, 346.0, 1.1907514450867052
1000, 4, 100, 5, 3, 0.09974317010928313, 394, 100.0, 230, 12108, 304, 12108.0, 19341, 346.0, 1.138728323699422
1000, 4, 100, 5, 3, 0.1000519377864529, 324, 100.0, 187, 9922, 252, 9922.0, 19342, 346.0, 0.9364161849710982
1000, 4, 100, 5, 3, 0.09995876266699015, 345, 100.0, 81, 10609, 310, 10609.0, 19342, 346.0, 0.9971098265895953
1000, 4, 100, 5, 3, 0.09964097184283621, 448, 100.0, 84, 13712, 346, 13712.0, 19342, 346.0, 1.2947976878612717
1000, 4, 100, 5, 3, 0.09957558431318714, 378, 100.0, 129, 11578, 308, 11578.0, 19342, 346.0, 1.092485549132948
1000, 4, 100, 5, 3, 0.09965071707188386, 398, 100.0, 269, 12230, 336, 12230.0, 19342, 346.0, 1.1502890173410405
1000, 4, 100, 5, 3, 0.09961858917396142, 422, 100.0, 121, 12880, 330, 12880.0, 19342, 346.0, 1.2196531791907514
1000, 4, 100, 5, 3, 0.0996550687284728, 411, 100.0, 64, 12612, 400, 12612.0, 19342, 346.0, 1.1878612716763006
1000, 4, 100, 5, 3, 0.099639276642704, 500, 100.0, 292, 15284, 446, 15284.0, 19342, 346.0, 1.4450867052023122
1000, 4, 100, 5, 3, 0.09950308658348121, 488, 100.0, 101, 15008, 436, 15008.0, 19342, 346.0, 1.4104046242774566
1000, 4, 100, 5, 3, 0.09948336594176245, 485, 100.0, 163, 14888, 434, 14888.0, 19342, 346.0, 1.4017341040462428
1000, 4, 100, 5, 3, 0.09966005436832358, 384, 100.0, 213, 11768, 310, 11768.0, 19342, 346.0, 1.1098265895953756
1000, 4, 100, 5, 3, 0.09986263411568452, 367, 100.0, 173, 11183, 230, 11183.0, 19342, 346.0, 1.060693641618497
1000, 4, 100, 5, 3, 0.09973026677494032, 409, 100.0, 100, 12535, 342, 12535.0, 19342, 346.0, 1.1820809248554913
1000, 4, 100, 5, 3, 0.0994886826233129, 502, 100.0, 93, 15360, 428, 15360.0, 19342, 346.0, 1.4508670520231215
1000, 4, 100, 5, 3, 0.09959321526817311, 449, 100.0, 191, 13788, 436, 13788.0, 19342, 346.0, 1.2976878612716762
1000, 4, 100, 5, 3, 0.09951520232720784, 440, 100.0, 322, 13473, 426, 13473.0, 19342, 346.0, 1.2716763005780347
1000, 4, 100, 5, 3, 0.09998475478515724, 346, 100.0, 178, 10605, 250, 10605.0, 19342, 346.0, 1.0
1000, 4, 100, 5, 3, 0.09959851309076308, 374, 100.0, 159, 11423, 248, 11423.0, 19342, 346.0, 1.0809248554913296
1000, 4, 100, 5, 3, 0.09960982331354243, 412, 100.0, 153, 12662, 392, 12662.0, 19342, 346.0, 1.1907514450867052
1000, 4, 100, 5, 3, 0.09972211969908581, 481, 100.0, 117, 14761, 416, 14761.0, 19342, 346.0, 1.3901734104046244
1000, 4, 100, 5, 3, 0.09976068632437014, 384, 100.0, 110, 11729, 304, 11729.0, 19342, 346.0, 1.1098265895953756
1000, 4, 100, 5, 3, 0.09966488809154034, 519, 100.0, 141, 15947, 468, 15947.0, 19337, 346.0, 1.5
1000, 4, 100, 5, 3, 0.09954060045853401, 456, 100.0, 260, 13992, 416, 13992.0, 19342, 346.0, 1.3179190751445087
1000, 4, 100, 5, 3, 0.09956026775960415, 508, 100.0, 183, 15471, 330, 15471.0, 19342, 346.0, 1.4682080924855492
1000, 4, 100, 5, 3, 0.09955808132405475, 499, 100.0, 141, 15276, 442, 15276.0, 19342, 346.0, 1.4421965317919074
1000, 4, 100, 5, 3, 0.09951999587777162, 438, 100.0, 77, 13378, 338, 13378.0, 19341, 346.0, 1.2658959537572254
1000, 4, 100, 5, 3, 0.0995443718568339, 427, 100.0, 293, 13112, 410, 13112.0, 19342, 346.0, 1.2341040462427746
1000, 4, 100, 5, 3, 0.0997958482119405, 349, 100.0, 143, 10714, 340, 10714.0, 19342, 346.0, 1.0086705202312138
1000, 4, 100, 5, 3, 0.09942339307589543, 443, 100.0, 154, 13678, 434, 13678.0, 19342, 346.0, 1.2803468208092486
1000, 4, 100, 5, 3, 0.09959048179795928, 421, 100.0, 233, 12828, 286, 12828.0, 19342, 346.0, 1.216763005780347
1000, 4, 100, 5, 3, 0.09966454320344037, 395, 100.0, 74, 12129, 420, 12129.0, 19342, 346.0, 1.1416184971098267
1000, 4, 100, 5, 3, 0.09961261592277305, 475, 100.0, 247, 14517, 354, 14517.0, 19342, 346.0, 1.3728323699421965
1000, 4, 100, 5, 3, 0.09952645773339498, 449, 100.0, 133, 13788, 438, 13788.0, 19342, 346.0, 1.2976878612716762
1000, 4, 100, 5, 3, 0.09949457538674135, 468, 100.0, 154, 14334, 404, 14334.0, 19342, 346.0, 1.3526011560693643
1000, 4, 100, 5, 3, 0.09982488827784423, 421, 100.0, 89, 12943, 428, 12943.0, 19342, 346.0, 1.216763005780347
1000, 4, 100, 5, 3, 0.09969631935524856, 396, 100.0, 145, 12189, 404, 12189.0, 19342, 346.0, 1.1445086705202312
1000, 4, 100, 5, 3, 0.09962348819854526, 417, 100.0, 171, 12783, 398, 12783.0, 19342, 346.0, 1.2052023121387283
1000, 4, 100, 5, 3, 0.09957861273374254, 447, 100.0, 145, 13733, 490, 13733.0, 19342, 346.0, 1.2919075144508672
1000, 4, 100, 5, 3, 0.09977116427133016, 369, 100.0, 123, 11281, 294, 11281.0, 19342, 346.0, 1.0664739884393064
1000, 4, 100, 5, 3, 0.0995045886355719, 457, 100.0, 258, 13850, 180, 13850.0, 19342, 346.0, 1.3208092485549132
1000, 4, 100, 5, 3, 0.09968202062732298, 421, 100.0, 131, 12962, 408, 12962.0, 19342, 346.0, 1.216763005780347
1000, 4, 100, 5, 3, 0.09947751262576242, 625, 100.0, 289, 19203, 618, 19203.0, 19342, 346.0, 1.80635838150289
1000, 4, 100, 5, 3, 0.09955614763816754, 421, 100.0, 125, 12933, 404, 12933.0, 19342, 346.0, 1.216763005780347
1000, 4, 100, 5, 3, 0.09951485637018036, 498, 100.0, 167, 15287, 506, 15287.0, 19342, 346.0, 1.439306358381503
1000, 4, 100, 5, 3, 0.09960085738209662, 447, 100.0, 119, 13640, 238, 13640.0, 19342, 346.0, 1.2919075144508672
1000, 4, 100, 5, 3, 0.10025489871450205, 314, 100.0, 273, 9490, 68, 9490.0, 19342, 346.0, 0.9075144508670521
1000, 4, 100, 5, 3, 0.0995372526924521, 465, 100.0, 174, 14207, 330, 14207.0, 19342, 346.0, 1.3439306358381502
1000, 4, 100, 5, 3, 0.09950135840777084, 498, 100.0, 426, 15253, 392, 15253.0, 19342, 346.0, 1.439306358381503
1000, 4, 100, 5, 3, 0.09957239675793143, 425, 100.0, 134, 12973, 306, 12973.0, 19342, 346.0, 1.2283236994219653
1000, 4, 100, 5, 3, 0.09962549750381895, 424, 100.0, 125, 13027, 366, 13027.0, 19342, 346.0, 1.2254335260115607
1000, 4, 100, 5, 3, 0.09948750457458093, 507, 100.0, 80, 15547, 450, 15547.0, 19342, 346.0, 1.4653179190751444
1000, 4, 100, 5, 3, 0.10007185474026181, 351, 100.0, 89, 10660, 222, 10660.0, 19342, 346.0, 1.0144508670520231
1000, 4, 100, 5, 3, 0.09991064010492724, 331, 100.0, 167, 10095, 308, 10095.0, 19342, 346.0, 0.9566473988439307
1000, 4, 100, 5, 3, 0.09977945617432134, 413, 100.0, 115, 12718, 388, 12718.0, 19342, 346.0, 1.19364161849711
1000, 4, 100, 5, 3, 0.09960516832411039, 390, 100.0, 157, 11977, 344, 11977.0, 19342, 346.0, 1.1271676300578035
1000, 4, 100, 5, 3, 0.09936979418189949, 481, 100.0, 145, 14646, 330, 14646.0, 19342, 346.0, 1.3901734104046244
1000, 4, 100, 5, 3, 0.09955273143100712, 453, 100.0, 194, 13830, 328, 13830.0, 19342, 346.0, 1.3092485549132948
1000, 4, 100, 5, 3, 0.09947174075752056, 441, 100.0, 186, 13394, 276, 13394.0, 19342, 346.0, 1.2745664739884393
1000, 4, 100, 5, 3, 0.09953488376024228, 463, 100.0, 243, 14221, 454, 14221.0, 19342, 346.0, 1.3381502890173411
1000, 4, 100, 5, 3, 0.09947109542767124, 477, 100.0, 81, 14574, 360, 14574.0, 19342, 346.0, 1.3786127167630058
1000, 4, 100, 5, 3, 0.09959676041327604, 434, 100.0, 253, 13315, 386, 13315.0, 19342, 346.0, 1.254335260115607
1000, 4, 100, 5, 3, 0.09960119197372472, 436, 100.0, 150, 13403, 392, 13403.0, 19342, 346.0, 1.260115606936416
1000, 4, 100, 5, 3, 0.09967611158630263, 536, 100.0, 181, 16392, 450, 16392.0, 19342, 346.0, 1.5491329479768785
1000, 4, 100, 5, 3, 0.09960076644196415, 443, 100.0, 145, 13572, 400, 13572.0, 19342, 346.0, 1.2803468208092486
1000, 4, 100, 5, 3, 0.09949894722424382, 548, 100.0, 188, 16701, 372, 16701.0, 19342, 346.0, 1.583815028901734
1000, 4, 100, 5, 3, 0.09964455632390723, 445, 100.0, 255, 13543, 288, 13543.0, 19342, 346.0, 1.2861271676300579
1000, 4, 100, 5, 3, 0.09948699562114766, 444, 100.0, 146, 13564, 376, 13564.0, 19342, 346.0, 1.283236994219653
1000, 4, 100, 5, 3, 0.09956333591291476, 497, 100.0, 86, 15248, 460, 15248.0, 19342, 346.0, 1.4364161849710984
1000, 4, 100, 5, 3, 0.09958440318621344, 521, 100.0, 225, 15918, 408, 15918.0, 19342, 346.0, 1.5057803468208093
1000, 4, 100, 5, 3, 0.09968812360903044, 412, 100.0, 277, 12620, 370, 12620.0, 19342, 346.0, 1.1907514450867052
1000, 4, 100, 5, 3, 0.0994347894639524, 430, 100.0, 118, 13171, 322, 13171.0, 19342, 346.0, 1.2427745664739884
1000, 4, 100, 5, 3, 0.09951524659047883, 398, 100.0, 183, 12213, 338, 12213.0, 19342, 346.0, 1.1502890173410405
1000, 4, 100, 5, 3, 0.09965573450098289, 448, 100.0, 95, 13745, 428, 13745.0, 19342, 346.0, 1.2947976878612717
1000, 4, 100, 5, 3, 0.10000060562583023, 345, 100.0, 105, 10564, 272, 10564.0, 19342, 346.0, 0.9971098265895953
1000, 4, 100, 5, 3, 0.09971155907591468, 364, 100.0, 101, 11162, 332, 11162.0, 19342, 346.0, 1.0520231213872833
1000, 4, 100, 5, 3, 0.09948351546626984, 453, 100.0, 89, 13836, 372, 13836.0, 19342, 346.0, 1.3092485549132948
1000, 4, 100, 5, 3, 0.09967167655456799, 405, 100.0, 150, 12436, 384, 12436.0, 19342, 346.0, 1.170520231213873
1000, 4, 100, 5, 3, 0.09958236467481581, 598, 100.0, 181, 18413, 616, 18413.0, 19342, 346.0, 1.7283236994219653
1000, 4, 100, 5, 3, 0.09970918971955356, 435, 100.0, 103, 13325, 342, 13325.0, 19342, 346.0, 1.2572254335260116
1000, 4, 100, 5, 3, 0.09981274761882261, 365, 100.0, 174, 11153, 258, 11153.0, 19342, 346.0, 1.0549132947976878
1000, 4, 100, 5, 3, 0.09955608074082546, 426, 100.0, 124, 13030, 328, 13030.0, 19342, 346.0, 1.23121387283237
1000, 4, 100, 5, 3, 0.09980961027291554, 403, 100.0, 187, 12342, 326, 12342.0, 19342, 346.0, 1.1647398843930636
1000, 4, 100, 5, 3, 0.09958778646619393, 466, 100.0, 118, 14229, 316, 14229.0, 19342, 346.0, 1.346820809248555
1000, 4, 100, 5, 3, 0.09969459739375791, 423, 100.0, 223, 12949, 382, 12949.0, 19342, 346.0, 1.222543352601156
1000, 4, 100, 5, 3, 0.09979257351024501, 389, 100.0, 121, 12014, 370, 12014.0, 19342, 346.0, 1.1242774566473988
1000, 4, 100, 5, 3, 0.09963156835564868, 517, 100.0, 135, 15846, 450, 15846.0, 19342, 346.0, 1.4942196531791907
1000, 4, 100, 5, 3, 0.09957362369509723, 405, 100.0, 98, 12409, 322, 12409.0, 19342, 346.0, 1.170520231213873
1000, 4, 100, 5, 3, 0.09970703049331806, 438, 100.0, 238, 13441, 352, 13441.0, 19342, 346.0, 1.2658959537572254
1000, 4, 100, 5, 3, 0.09963605147378352, 384, 100.0, 145, 11726, 288, 11726.0, 19342, 346.0, 1.1098265895953756
1000, 4, 100, 5, 3, 0.09951213100626569, 595, 100.0, 192, 18342, 660, 18342.0, 19342, 346.0, 1.7196531791907514
1000, 4, 100, 5, 3, 0.09957695390167172, 402, 100.0, 247, 12339, 322, 12339.0, 19342, 346.0, 1.1618497109826589
