1000, 8, 100, 5, 0, 0.10116118387282336, 245, 100.0, 147, 2457, 0, 2457.0, 2, 173.0, 1.416184971098266
1000, 8, 100, 5, 0, 0.10427869355739372, 224, 100.0, 96, 2245, 0, 2245.0, 2, 173.0, 1.2947976878612717
1000, 8, 100, 5, 0, 0.10131206208086745, 255, 100.0, 139, 2560, 0, 2560.0, 2, 173.0, 1.4739884393063585
1000, 8, 100, 5, 0, 0.10122654237094164, 262, 100.0, 73, 2625, 0, 2625.0, 2, 173.0, 1.5144508670520231
1000, 8, 100, 5, 0, 0.1013798018270525, 251, 100.0, 91, 2540, 0, 2540.0, 2, 173.0, 1.4508670520231215
1000, 8, 100, 5, 0, 0.10352340964701999, 222, 100.0, 105, 2224, 0, 2224.0, 2, 173.0, 1.283236994219653
1000, 8, 100, 5, 0, 0.10210658956010593, 221, 100.0, 119, 2214, 0, 2214.0, 2, 173.0, 1.277456647398844
1000, 8, 100, 5, 0, 0.10346130222552243, 215, 100.0, 141, 2153, 0, 2153.0, 2, 173.0, 1.2427745664739884
1000, 8, 100, 5, 0, 0.10038029784913052, 286, 100.0, 89, 2879, 0, 2879.0, 2, 173.0, 1.653179190751445
1000, 8, 100, 5, 0, 0.10202488236874371, 237, 100.0, 86, 2377, 0, 2377.0, 2, 173.0, 1.369942196531792
1000, 8, 100, 5, 0, 0.10262915992475043, 231, 100.0, 130, 2314, 0, 2314.0, 2, 173.0, 1.3352601156069364
1000, 8, 100, 5, 0, 0.10111006143356474, 246, 100.0, 79, 2463, 0, 2463.0, 2, 173.0, 1.4219653179190752
1000, 8, 100, 5, 0, 0.10332293821713005, 232, 100.0, 120, 2329, 0, 2329.0, 2, 173.0, 1.3410404624277457
1000, 8, 100, 5, 0, 0.10064162905489243, 279, 100.0, 47, 2803, 0, 2803.0, 2, 173.0, 1.6127167630057804
1000, 8, 100, 5, 0, 0.10108514819806086, 275, 100.0, 95, 2757, 0, 2757.0, 2, 173.0, 1.5895953757225434
1000, 8, 100, 5, 0, 0.099807401157746, 341, 100.0, 224, 3432, 0, 3432.0, 2, 173.0, 1.9710982658959537
1000, 8, 100, 5, 0, 0.10056983881851218, 280, 100.0, 91, 2813, 0, 2813.0, 2, 173.0, 1.6184971098265897
1000, 8, 100, 5, 0, 0.10084504817197071, 264, 100.0, 74, 2653, 0, 2653.0, 2, 173.0, 1.5260115606936415
1000, 8, 100, 5, 0, 0.10230669229435134, 218, 100.0, 99, 2194, 0, 2194.0, 2, 173.0, 1.260115606936416
1000, 8, 100, 5, 0, 0.10150297095944846, 253, 100.0, 50, 2544, 0, 2544.0, 2, 173.0, 1.4624277456647399
1000, 8, 100, 5, 0, 0.10080970462827711, 276, 100.0, 98, 2764, 0, 2764.0, 2, 173.0, 1.5953757225433527
1000, 8, 100, 5, 0, 0.10518370049662915, 232, 100.0, 59, 2332, 0, 2332.0, 2, 173.0, 1.3410404624277457
1000, 8, 100, 5, 0, 0.10045520706146435, 270, 100.0, 72, 2714, 0, 2714.0, 2, 173.0, 1.560693641618497
1000, 8, 100, 5, 0, 0.10163880454568687, 240, 100.0, 46, 2412, 0, 2412.0, 2, 173.0, 1.3872832369942196
1000, 8, 100, 5, 0, 0.10146285625054352, 250, 100.0, 143, 2502, 0, 2502.0, 2, 173.0, 1.4450867052023122
1000, 8, 100, 5, 0, 0.10505203869212774, 213, 100.0, 51, 2135, 0, 2135.0, 2, 173.0, 1.23121387283237
1000, 8, 100, 5, 0, 0.10738645474024154, 206, 100.0, 140, 2063, 0, 2063.0, 2, 173.0, 1.1907514450867052
1000, 8, 100, 5, 0, 0.10202023267728966, 253, 100.0, 70, 2533, 0, 2533.0, 2, 173.0, 1.4624277456647399
1000, 8, 100, 5, 0, 0.1000580842881225, 329, 100.0, 110, 3305, 0, 3305.0, 2, 173.0, 1.9017341040462428
1000, 8, 100, 5, 0, 0.10138888065813616, 269, 100.0, 88, 2692, 0, 2692.0, 2, 173.0, 1.5549132947976878
1000, 8, 100, 5, 0, 0.10158601114273158, 239, 100.0, 160, 2392, 0, 2392.0, 2, 173.0, 1.3815028901734103
1000, 8, 100, 5, 0, 0.10185568810087281, 255, 100.0, 83, 2564, 0, 2564.0, 2, 173.0, 1.4739884393063585
1000, 8, 100, 5, 0, 0.10060938014477486, 290, 100.0, 105, 2924, 0, 2924.0, 2, 173.0, 1.676300578034682
1000, 8, 100, 5, 0, 0.1027586044264236, 236, 100.0, 112, 2371, 0, 2371.0, 2, 173.0, 1.3641618497109826
1000, 8, 100, 5, 0, 0.10283847341583949, 233, 100.0, 113, 2330, 0, 2330.0, 2, 173.0, 1.346820809248555
1000, 8, 100, 5, 0, 0.10421555138653305, 228, 100.0, 75, 2292, 0, 2292.0, 2, 173.0, 1.3179190751445087
1000, 8, 100, 5, 0, 0.10502811138118083, 196, 100.0, 107, 1956, 0, 1956.0, 2, 173.0, 1.1329479768786128
1000, 8, 100, 5, 0, 0.10178224419365778, 237, 100.0, 77, 2368, 0, 2368.0, 2, 173.0, 1.369942196531792
1000, 8, 100, 5, 0, 0.10015609394336868, 313, 100.0, 86, 3153, 0, 3153.0, 2, 173.0, 1.8092485549132948
1000, 8, 100, 5, 0, 0.10125177220745506, 250, 100.0, 125, 2512, 0, 2512.0, 2, 173.0, 1.4450867052023122
1000, 8, 100, 5, 0, 0.10538304170576389, 215, 100.0, 112, 2157, 0, 2157.0, 2, 173.0, 1.2427745664739884
1000, 8, 100, 5, 0, 0.10339188993877427, 213, 100.0, 77, 2136, 0, 2136.0, 2, 173.0, 1.23121387283237
1000, 8, 100, 5, 0, 0.1033850260705327, 244, 100.0, 98, 2459, 0, 2459.0, 2, 173.0, 1.4104046242774566
1000, 8, 100, 5, 0, 0.10318017800648574, 205, 100.0, 99, 2056, 0, 2056.0, 2, 173.0, 1.1849710982658959
1000, 8, 100, 5, 0, 0.09995531193108774, 334, 100.0, 118, 3345, 0, 3345.0, 2, 173.0, 1.930635838150289
1000, 8, 100, 5, 0, 0.10174009211959129, 253, 100.0, 130, 2539, 0, 2539.0, 2, 173.0, 1.4624277456647399
1000, 8, 100, 5, 0, 0.10234858926328923, 248, 100.0, 130, 2488, 0, 2488.0, 2, 173.0, 1.4335260115606936
1000, 8, 100, 5, 0, 0.10226215409231797, 234, 100.0, 44, 2346, 0, 2346.0, 2, 173.0, 1.3526011560693643
1000, 8, 100, 5, 0, 0.1019275264752128, 276, 100.0, 100, 2773, 0, 2773.0, 2, 173.0, 1.5953757225433527
1000, 8, 100, 5, 0, 0.10150417895694502, 236, 100.0, 132, 2371, 0, 2371.0, 2, 173.0, 1.3641618497109826
1000, 8, 100, 5, 0, 0.10198867924520824, 250, 100.0, 41, 2510, 0, 2510.0, 2, 173.0, 1.4450867052023122
1000, 8, 100, 5, 0, 0.1024197616389647, 249, 100.0, 43, 2503, 0, 2503.0, 2, 173.0, 1.439306358381503
1000, 8, 100, 5, 0, 0.10326916523446132, 235, 100.0, 177, 2352, 0, 2352.0, 2, 173.0, 1.3583815028901733
1000, 8, 100, 5, 0, 0.10289017389111856, 223, 100.0, 98, 2236, 0, 2236.0, 2, 173.0, 1.2890173410404624
1000, 8, 100, 5, 0, 0.10295860005915126, 223, 100.0, 143, 2255, 0, 2255.0, 2, 173.0, 1.2890173410404624
1000, 8, 100, 5, 0, 0.10322142441054485, 223, 100.0, 108, 2250, 0, 2250.0, 2, 173.0, 1.2890173410404624
1000, 8, 100, 5, 0, 0.10160356322652576, 253, 100.0, 84, 2544, 0, 2544.0, 2, 173.0, 1.4624277456647399
1000, 8, 100, 5, 0, 0.10379797563905906, 206, 100.0, 154, 2064, 0, 2064.0, 2, 173.0, 1.1907514450867052
1000, 8, 100, 5, 0, 0.10158360101581104, 248, 100.0, 133, 2492, 0, 2492.0, 2, 173.0, 1.4335260115606936
1000, 8, 100, 5, 0, 0.10015157783951664, 299, 100.0, 97, 2996, 0, 2996.0, 2, 173.0, 1.7283236994219653
1000, 8, 100, 5, 0, 0.10310534443326214, 207, 100.0, 31, 2084, 0, 2084.0, 2, 173.0, 1.1965317919075145
1000, 8, 100, 5, 0, 0.10223935180331954, 223, 100.0, 153, 2239, 0, 2239.0, 2, 173.0, 1.2890173410404624
1000, 8, 100, 5, 0, 0.10441488114526191, 220, 100.0, 107, 2204, 0, 2204.0, 2, 173.0, 1.2716763005780347
1000, 8, 100, 5, 0, 0.10326325703104854, 227, 100.0, 194, 2277, 0, 2277.0, 2, 173.0, 1.3121387283236994
1000, 8, 100, 5, 0, 0.10114056796799456, 279, 100.0, 73, 2799, 0, 2799.0, 2, 173.0, 1.6127167630057804
1000, 8, 100, 5, 0, 0.10089136411373514, 281, 100.0, 69, 2829, 0, 2829.0, 2, 173.0, 1.6242774566473988
1000, 8, 100, 5, 0, 0.10036257514091049, 297, 100.0, 154, 2974, 0, 2974.0, 2, 173.0, 1.716763005780347
1000, 8, 100, 5, 0, 0.10108938796641047, 271, 100.0, 189, 2724, 0, 2724.0, 2, 173.0, 1.5664739884393064
1000, 8, 100, 5, 0, 0.10320793073206297, 225, 100.0, 64, 2258, 0, 2258.0, 2, 173.0, 1.300578034682081
1000, 8, 100, 5, 0, 0.1012742758542144, 265, 100.0, 79, 2660, 0, 2660.0, 2, 173.0, 1.5317919075144508
1000, 8, 100, 5, 0, 0.10053918052557112, 279, 100.0, 83, 2802, 0, 2802.0, 2, 173.0, 1.6127167630057804
1000, 8, 100, 5, 0, 0.10036794192042357, 289, 100.0, 146, 2887, 0, 2887.0, 2, 173.0, 1.670520231213873
1000, 8, 100, 5, 0, 0.10568706557855821, 211, 100.0, 90, 2115, 0, 2115.0, 2, 173.0, 1.2196531791907514
1000, 8, 100, 5, 0, 0.10235601615486743, 237, 100.0, 90, 2377, 0, 2377.0, 2, 173.0, 1.369942196531792
1000, 8, 100, 5, 0, 0.10514776020591592, 207, 100.0, 78, 2087, 0, 2087.0, 2, 173.0, 1.1965317919075145
1000, 8, 100, 5, 0, 0.10333159314103528, 226, 100.0, 113, 2277, 0, 2277.0, 2, 173.0, 1.30635838150289
1000, 8, 100, 5, 0, 0.10226557282049317, 235, 100.0, 27, 2367, 0, 2367.0, 2, 173.0, 1.3583815028901733
1000, 8, 100, 5, 0, 0.10308204303924123, 223, 100.0, 31, 2240, 0, 2240.0, 2, 173.0, 1.2890173410404624
1000, 8, 100, 5, 0, 0.10055321252245883, 293, 100.0, 204, 2942, 0, 2942.0, 2, 173.0, 1.69364161849711
1000, 8, 100, 5, 0, 0.10026047686165915, 307, 100.0, 145, 3082, 0, 3082.0, 2, 173.0, 1.7745664739884393
1000, 8, 100, 5, 0, 0.10512341774062109, 207, 100.0, 139, 2072, 0, 2072.0, 2, 173.0, 1.1965317919075145
1000, 8, 100, 5, 0, 0.10171657206128715, 246, 100.0, 83, 2462, 0, 2462.0, 2, 173.0, 1.4219653179190752
1000, 8, 100, 5, 0, 0.10074963784610343, 293, 100.0, 109, 2940, 0, 2940.0, 2, 173.0, 1.69364161849711
1000, 8, 100, 5, 0, 0.10220357320010083, 236, 100.0, 36, 2361, 0, 2361.0, 2, 173.0, 1.3641618497109826
1000, 8, 100, 5, 0, 0.10340620362530457, 212, 100.0, 107, 2119, 0, 2119.0, 2, 173.0, 1.2254335260115607
1000, 8, 100, 5, 0, 0.10343091540793219, 229, 100.0, 183, 2291, 0, 2291.0, 2, 173.0, 1.323699421965318
1000, 8, 100, 5, 0, 0.10524232718562652, 226, 100.0, 103, 2278, 0, 2278.0, 2, 173.0, 1.30635838150289
1000, 8, 100, 5, 0, 0.10082599425468883, 288, 100.0, 155, 2884, 0, 2884.0, 2, 173.0, 1.6647398843930636
1000, 8, 100, 5, 0, 0.1039003180544939, 223, 100.0, 150, 2241, 0, 2241.0, 2, 173.0, 1.2890173410404624
1000, 8, 100, 5, 0, 0.1013497349297131, 252, 100.0, 252, 2522, 0, 2522.0, 2, 173.0, 1.4566473988439306
1000, 8, 100, 5, 0, 0.10342271160632699, 215, 100.0, 123, 2157, 0, 2157.0, 2, 173.0, 1.2427745664739884
1000, 8, 100, 5, 0, 0.10138754164251643, 260, 100.0, 97, 2628, 0, 2628.0, 2, 173.0, 1.5028901734104045
1000, 8, 100, 5, 0, 0.10263681121871454, 221, 100.0, 69, 2226, 0, 2226.0, 2, 173.0, 1.277456647398844
1000, 8, 100, 5, 0, 0.10170814989059238, 260, 100.0, 59, 2612, 0, 2612.0, 2, 173.0, 1.5028901734104045
1000, 8, 100, 5, 0, 0.09984553429542968, 323, 100.0, 99, 3245, 0, 3245.0, 2, 173.0, 1.8670520231213872
1000, 8, 100, 5, 0, 0.10136143154458094, 263, 100.0, 83, 2640, 0, 2640.0, 2, 173.0, 1.5202312138728324
1000, 8, 100, 5, 0, 0.1025447600526191, 219, 100.0, 97, 2199, 0, 2199.0, 2, 173.0, 1.2658959537572254
1000, 8, 100, 5, 0, 0.10416384114935212, 221, 100.0, 81, 2217, 0, 2217.0, 2, 173.0, 1.277456647398844
1000, 8, 100, 5, 0, 0.10262127992139433, 247, 100.0, 68, 2487, 0, 2487.0, 2, 173.0, 1.4277456647398843
1000, 8, 100, 5, 0, 0.10067157853378443, 264, 100.0, 63, 2646, 0, 2646.0, 2, 173.0, 1.5260115606936415
