1000, 2, 100, 5, 1, 0.09940424012593675, 824, 100.0, 174, 16650, 288, 16650.0, 20751, 691.0, 1.1924746743849493
1000, 2, 100, 5, 1, 0.09959943965873498, 872, 100.0, 136, 17570, 262, 17570.0, 20751, 691.0, 1.2619392185238785
1000, 2, 100, 5, 1, 0.09944867716819135, 741, 100.0, 178, 14938, 230, 14938.0, 20751, 691.0, 1.0723589001447178
1000, 2, 100, 5, 1, 0.09947191310673344, 880, 100.0, 252, 17745, 242, 17745.0, 20751, 691.0, 1.2735166425470332
1000, 2, 100, 5, 1, 0.09950339551826183, 929, 100.0, 344, 18628, 74, 18628.0, 20751, 691.0, 1.3444283646888566
1000, 2, 100, 5, 1, 0.09941104648680818, 889, 100.0, 98, 17947, 300, 17947.0, 20751, 691.0, 1.2865412445730824
1000, 2, 100, 5, 1, 0.09949470247011993, 663, 100.0, 186, 13369, 182, 13369.0, 20751, 691.0, 0.959479015918958
1000, 2, 100, 5, 1, 0.09957196504033852, 733, 100.0, 222, 14767, 174, 14767.0, 20751, 691.0, 1.060781476121563
1000, 2, 100, 5, 1, 0.09956729081288791, 1030, 100.0, 300, 20757, 296, 20757.0, 20751, 691.0, 1.4905933429811866
1000, 2, 100, 5, 1, 0.09969703141882397, 1200, 100.0, 274, 24237, 402, 24237.0, 20751, 691.0, 1.7366136034732271
1000, 2, 100, 5, 1, 0.09969361668316598, 856, 100.0, 166, 17260, 260, 17260.0, 20751, 691.0, 1.2387843704775687
1000, 2, 100, 5, 1, 0.09948171106990598, 750, 100.0, 133, 15136, 240, 15136.0, 20751, 691.0, 1.085383502170767
1000, 2, 100, 5, 1, 0.09950898582645788, 1132, 100.0, 237, 22776, 262, 22776.0, 20751, 691.0, 1.638205499276411
1000, 2, 100, 5, 1, 0.0994781840919721, 652, 100.0, 129, 13133, 174, 13133.0, 20751, 691.0, 0.9435600578871202
1000, 2, 100, 5, 1, 0.09947429647847482, 744, 100.0, 230, 15066, 284, 15066.0, 20750, 691.0, 1.0767004341534008
1000, 2, 100, 5, 1, 0.09957298432431831, 1128, 100.0, 311, 22695, 284, 22695.0, 20751, 691.0, 1.6324167872648336
1000, 2, 100, 5, 1, 0.09943431864964822, 657, 100.0, 354, 13245, 182, 13245.0, 20751, 691.0, 0.9507959479015919
1000, 2, 100, 5, 1, 0.09948531205631206, 903, 100.0, 211, 18243, 334, 18243.0, 20751, 691.0, 1.3068017366136035
1000, 2, 100, 5, 1, 0.09957790457147318, 905, 100.0, 323, 18227, 242, 18227.0, 20751, 691.0, 1.3096960926193921
1000, 2, 100, 5, 1, 0.09969624439459972, 671, 100.0, 189, 13536, 180, 13536.0, 20751, 691.0, 0.9710564399421129
1000, 2, 100, 5, 1, 0.09955497089612456, 624, 100.0, 255, 12556, 142, 12556.0, 20751, 691.0, 0.9030390738060782
1000, 2, 100, 5, 1, 0.09943942168981074, 697, 100.0, 344, 14030, 166, 14030.0, 20751, 691.0, 1.0086830680173662
1000, 2, 100, 5, 1, 0.09950795379309106, 996, 100.0, 207, 20074, 258, 20074.0, 20751, 691.0, 1.4413892908827786
1000, 2, 100, 5, 1, 0.09960631735951, 739, 100.0, 483, 14902, 242, 14902.0, 20751, 691.0, 1.069464544138929
1000, 2, 100, 5, 1, 0.09959917553947288, 846, 100.0, 281, 17077, 286, 17077.0, 20751, 691.0, 1.2243125904486252
1000, 2, 100, 5, 1, 0.09949114374817312, 754, 100.0, 127, 15200, 212, 15200.0, 20751, 691.0, 1.0911722141823443
1000, 2, 100, 5, 1, 0.09949093023199605, 867, 100.0, 196, 17483, 250, 17483.0, 20751, 691.0, 1.2547033285094067
1000, 2, 100, 5, 1, 0.09942382507509254, 682, 100.0, 175, 13773, 200, 13773.0, 20751, 691.0, 0.9869753979739508
1000, 2, 100, 5, 1, 0.09952778629330039, 897, 100.0, 294, 18110, 296, 18110.0, 20751, 691.0, 1.2981186685962374
1000, 2, 100, 5, 1, 0.09950193403224605, 933, 100.0, 385, 18812, 270, 18812.0, 20751, 691.0, 1.3502170767004342
1000, 2, 100, 5, 1, 0.09953486018080916, 756, 100.0, 223, 15277, 254, 15277.0, 20751, 691.0, 1.0940665701881331
1000, 2, 100, 5, 1, 0.099511661815203, 962, 100.0, 300, 19411, 288, 19411.0, 20751, 691.0, 1.3921852387843705
1000, 2, 100, 5, 1, 0.09963416853441893, 731, 100.0, 191, 14763, 256, 14763.0, 20751, 691.0, 1.0578871201157742
1000, 2, 100, 5, 1, 0.09962502954164218, 936, 100.0, 180, 18877, 284, 18877.0, 20751, 691.0, 1.3545586107091172
1000, 2, 100, 5, 1, 0.09958509564544506, 772, 100.0, 221, 15579, 234, 15579.0, 20751, 691.0, 1.1172214182344429
1000, 2, 100, 5, 1, 0.09955196283732605, 934, 100.0, 79, 18841, 258, 18841.0, 20751, 691.0, 1.3516642547033284
1000, 2, 100, 5, 1, 0.09955513271752424, 803, 100.0, 128, 16184, 240, 16184.0, 20751, 691.0, 1.162083936324168
1000, 2, 100, 5, 1, 0.09938963031879924, 730, 100.0, 193, 14702, 164, 14702.0, 20751, 691.0, 1.0564399421128798
1000, 2, 100, 5, 1, 0.09958187368306601, 750, 100.0, 169, 15130, 218, 15130.0, 20751, 691.0, 1.085383502170767
1000, 2, 100, 5, 1, 0.09961328521527886, 911, 100.0, 63, 18379, 294, 18379.0, 20751, 691.0, 1.3183791606367583
1000, 2, 100, 5, 1, 0.09968527040205193, 867, 100.0, 113, 17482, 264, 17482.0, 20751, 691.0, 1.2547033285094067
1000, 2, 100, 5, 1, 0.09961436566855991, 979, 100.0, 241, 19736, 304, 19736.0, 20751, 691.0, 1.4167872648335744
1000, 2, 100, 5, 1, 0.09938986800804683, 799, 100.0, 124, 16110, 236, 16110.0, 20751, 691.0, 1.1562952243125904
1000, 2, 100, 5, 1, 0.09943187633709544, 627, 100.0, 283, 12669, 202, 12669.0, 20751, 691.0, 0.9073806078147613
1000, 2, 100, 5, 1, 0.09947669880916081, 867, 100.0, 151, 17482, 276, 17482.0, 20751, 691.0, 1.2547033285094067
1000, 2, 100, 5, 1, 0.09953113731945702, 932, 100.0, 550, 18786, 250, 18786.0, 20751, 691.0, 1.3487698986975398
1000, 2, 100, 5, 1, 0.0996023533232704, 761, 100.0, 331, 15371, 252, 15371.0, 20751, 691.0, 1.101302460202605
1000, 2, 100, 5, 1, 0.09956375515861657, 890, 100.0, 307, 17987, 314, 17987.0, 20751, 691.0, 1.2879884225759768
1000, 2, 100, 5, 1, 0.09947401665616172, 837, 100.0, 142, 16879, 254, 16879.0, 20751, 691.0, 1.211287988422576
1000, 2, 100, 5, 1, 0.0995390981929542, 719, 100.0, 180, 14512, 230, 14512.0, 20751, 691.0, 1.0405209840810419
1000, 2, 100, 5, 1, 0.0995836897048281, 744, 100.0, 196, 15002, 224, 15002.0, 20751, 691.0, 1.0767004341534008
1000, 2, 100, 5, 1, 0.09948737249505152, 764, 100.0, 138, 15406, 216, 15406.0, 20751, 691.0, 1.105643994211288
1000, 2, 100, 5, 1, 0.09954616430893748, 515, 100.0, 213, 10374, 126, 10374.0, 20751, 691.0, 0.7452966714905933
1000, 2, 100, 5, 1, 0.09948369109219195, 966, 100.0, 224, 19500, 328, 19500.0, 20751, 691.0, 1.3979739507959479
1000, 2, 100, 5, 1, 0.09959006281360182, 754, 100.0, 679, 15178, 204, 15178.0, 20751, 691.0, 1.0911722141823443
1000, 2, 100, 5, 1, 0.0993909584721495, 797, 100.0, 360, 16073, 244, 16073.0, 20751, 691.0, 1.1534008683068018
1000, 2, 100, 5, 1, 0.09957938186718428, 727, 100.0, 149, 14636, 176, 14636.0, 20751, 691.0, 1.0520984081041969
1000, 2, 100, 5, 1, 0.09957498064695153, 710, 100.0, 299, 14349, 224, 14349.0, 20751, 691.0, 1.0274963820549927
1000, 2, 100, 5, 1, 0.09951254599222113, 877, 100.0, 423, 17573, 86, 17573.0, 20751, 691.0, 1.2691751085383502
1000, 2, 100, 5, 1, 0.0995063258469435, 907, 100.0, 188, 18261, 214, 18261.0, 20751, 691.0, 1.312590448625181
1000, 2, 100, 5, 1, 0.09947671149689918, 838, 100.0, 101, 16905, 258, 16905.0, 20751, 691.0, 1.2127351664254704
1000, 2, 100, 5, 1, 0.09947387444966688, 724, 100.0, 83, 14601, 250, 14601.0, 20751, 691.0, 1.0477568740955137
1000, 2, 100, 5, 1, 0.0995926013404732, 717, 100.0, 326, 14413, 130, 14413.0, 20751, 691.0, 1.0376266280752533
1000, 2, 100, 5, 1, 0.09943147089366729, 736, 100.0, 221, 14819, 166, 14819.0, 20751, 691.0, 1.065123010130246
1000, 2, 100, 5, 1, 0.09954925286558157, 902, 100.0, 141, 18191, 282, 18191.0, 20751, 691.0, 1.3053545586107091
1000, 2, 100, 5, 1, 0.09959267692866396, 1032, 100.0, 201, 20798, 292, 20798.0, 20751, 691.0, 1.4934876989869754
1000, 2, 100, 5, 1, 0.09952033393929245, 678, 100.0, 135, 13664, 258, 13664.0, 20751, 691.0, 0.9811866859623734
1000, 2, 100, 5, 1, 0.09951765657855173, 696, 100.0, 114, 14058, 254, 14058.0, 20751, 691.0, 1.0072358900144718
1000, 2, 100, 5, 1, 0.0994690495212369, 775, 100.0, 217, 15623, 224, 15623.0, 20751, 691.0, 1.1215629522431259
1000, 2, 100, 5, 1, 0.09956058627618361, 813, 100.0, 233, 16361, 246, 16361.0, 20751, 691.0, 1.1765557163531115
1000, 2, 100, 5, 1, 0.09952550841019628, 1118, 100.0, 362, 22524, 338, 22524.0, 20751, 691.0, 1.61794500723589
1000, 2, 100, 5, 1, 0.09973879864328707, 731, 100.0, 167, 14771, 250, 14771.0, 20751, 691.0, 1.0578871201157742
1000, 2, 100, 5, 1, 0.09953747790589373, 676, 100.0, 339, 13655, 238, 13655.0, 20751, 691.0, 0.9782923299565847
1000, 2, 100, 5, 1, 0.09949933214030925, 653, 100.0, 363, 13201, 204, 13201.0, 20751, 691.0, 0.9450072358900145
1000, 2, 100, 5, 1, 0.09949284952378402, 837, 100.0, 233, 16881, 260, 16881.0, 20751, 691.0, 1.211287988422576
1000, 2, 100, 5, 1, 0.09959100095386614, 901, 100.0, 369, 18207, 292, 18207.0, 20751, 691.0, 1.3039073806078147
1000, 2, 100, 5, 1, 0.09959786053722161, 819, 100.0, 401, 16552, 284, 16552.0, 20751, 691.0, 1.1852387843704775
1000, 2, 100, 5, 1, 0.099560173655743, 806, 100.0, 482, 16301, 280, 16301.0, 20751, 691.0, 1.166425470332851
1000, 2, 100, 5, 1, 0.09939602024997858, 744, 100.0, 153, 15057, 290, 15057.0, 20751, 691.0, 1.0767004341534008
1000, 2, 100, 5, 1, 0.09963795273237945, 886, 100.0, 472, 17849, 240, 17849.0, 20751, 691.0, 1.2821997105643994
1000, 2, 100, 5, 1, 0.09952955682787618, 772, 100.0, 398, 15498, 96, 15498.0, 20751, 691.0, 1.1172214182344429
1000, 2, 100, 5, 1, 0.09941120988407984, 660, 100.0, 401, 13326, 172, 13326.0, 20751, 691.0, 0.9551374819102749
1000, 2, 100, 5, 1, 0.09938083720231815, 849, 100.0, 96, 17138, 296, 17138.0, 20751, 691.0, 1.2286541244573081
1000, 2, 100, 5, 1, 0.09955676259751109, 1059, 100.0, 396, 21340, 296, 21340.0, 20751, 691.0, 1.5325615050651231
1000, 2, 100, 5, 1, 0.09957819650774567, 1058, 100.0, 186, 21301, 274, 21301.0, 20751, 691.0, 1.5311143270622287
1000, 2, 100, 5, 1, 0.09946374991616234, 904, 100.0, 176, 18228, 258, 18228.0, 20751, 691.0, 1.3082489146164977
1000, 2, 100, 5, 1, 0.0993943992220986, 754, 100.0, 182, 15180, 178, 15180.0, 20751, 691.0, 1.0911722141823443
1000, 2, 100, 5, 1, 0.09948517504075537, 662, 100.0, 156, 13349, 194, 13349.0, 20751, 691.0, 0.9580318379160637
1000, 2, 100, 5, 1, 0.09950260340761678, 810, 100.0, 106, 16358, 262, 16358.0, 20751, 691.0, 1.1722141823444283
1000, 2, 100, 5, 1, 0.09950014390869633, 919, 100.0, 281, 18577, 304, 18577.0, 20751, 691.0, 1.329956584659913
1000, 2, 100, 5, 1, 0.09964218443747634, 991, 100.0, 204, 19991, 282, 19991.0, 20751, 691.0, 1.4341534008683068
1000, 2, 100, 5, 1, 0.0995186610132363, 1071, 100.0, 186, 21613, 290, 21613.0, 20751, 691.0, 1.5499276410998553
1000, 2, 100, 5, 1, 0.09951721450829033, 759, 100.0, 126, 15311, 250, 15311.0, 20751, 691.0, 1.0984081041968161
1000, 2, 100, 5, 1, 0.09965662821312538, 801, 100.0, 241, 16190, 276, 16190.0, 20751, 691.0, 1.1591895803183792
1000, 2, 100, 5, 1, 0.09955959834418836, 913, 100.0, 271, 18431, 302, 18431.0, 20751, 691.0, 1.321273516642547
1000, 2, 100, 5, 1, 0.09950560142656317, 702, 100.0, 279, 14157, 212, 14157.0, 20751, 691.0, 1.015918958031838
1000, 2, 100, 5, 1, 0.09959358688506498, 751, 100.0, 104, 15164, 242, 15164.0, 20751, 691.0, 1.0868306801736614
1000, 2, 100, 5, 1, 0.09963918483102802, 763, 100.0, 319, 15379, 226, 15379.0, 20751, 691.0, 1.1041968162083937
1000, 2, 100, 5, 1, 0.09960603708608277, 805, 100.0, 252, 16251, 250, 16251.0, 20751, 691.0, 1.1649782923299565
1000, 2, 100, 5, 1, 0.09961672496058246, 793, 100.0, 150, 15971, 206, 15971.0, 20751, 691.0, 1.1476121562952244
