1000, 4, 100, 5, 0, 0.09969633570750984, 372, 100.0, 103, 3716, 0, 3716.0, 2, 346.0, 1.0751445086705202
1000, 4, 100, 5, 0, 0.0994574273543787, 501, 100.0, 291, 5015, 0, 5015.0, 2, 346.0, 1.4479768786127167
1000, 4, 100, 5, 0, 0.09959330777156052, 432, 100.0, 416, 4321, 0, 4321.0, 2, 346.0, 1.2485549132947977
1000, 4, 100, 5, 0, 0.09966768183212923, 361, 100.0, 177, 3610, 0, 3610.0, 2, 346.0, 1.0433526011560694
1000, 4, 100, 5, 0, 0.09963330629211883, 404, 100.0, 99, 4037, 0, 4037.0, 2, 346.0, 1.1676300578034682
1000, 4, 100, 5, 0, 0.09972115920066986, 370, 100.0, 228, 3706, 0, 3706.0, 2, 346.0, 1.069364161849711
1000, 4, 100, 5, 0, 0.09947213823701208, 412, 100.0, 164, 4130, 0, 4130.0, 2, 346.0, 1.1907514450867052
1000, 4, 100, 5, 0, 0.09959406360532948, 405, 100.0, 180, 4053, 0, 4053.0, 2, 346.0, 1.170520231213873
1000, 4, 100, 5, 0, 0.09963272509021434, 399, 100.0, 41, 4000, 0, 4000.0, 2, 346.0, 1.153179190751445
1000, 4, 100, 5, 0, 0.09964250848742594, 487, 100.0, 60, 4892, 0, 4892.0, 2, 346.0, 1.407514450867052
1000, 4, 100, 5, 0, 0.09964769875855578, 492, 100.0, 82, 4925, 0, 4925.0, 2, 346.0, 1.4219653179190752
1000, 4, 100, 5, 0, 0.09953770117042728, 418, 100.0, 140, 4186, 0, 4186.0, 2, 346.0, 1.2080924855491328
1000, 4, 100, 5, 0, 0.09943786610961668, 520, 100.0, 63, 5210, 0, 5210.0, 2, 346.0, 1.5028901734104045
1000, 4, 100, 5, 0, 0.09965168569283087, 362, 100.0, 257, 3617, 0, 3617.0, 2, 346.0, 1.046242774566474
1000, 4, 100, 5, 0, 0.09965049263986994, 485, 100.0, 62, 4850, 0, 4850.0, 2, 346.0, 1.4017341040462428
1000, 4, 100, 5, 0, 0.09954353020326229, 436, 100.0, 62, 4366, 0, 4366.0, 2, 346.0, 1.260115606936416
1000, 4, 100, 5, 0, 0.0994731304373083, 437, 100.0, 417, 4373, 0, 4373.0, 2, 346.0, 1.2630057803468209
1000, 4, 100, 5, 0, 0.09990584430949805, 342, 100.0, 164, 3417, 0, 3417.0, 2, 346.0, 0.9884393063583815
1000, 4, 100, 5, 0, 0.09966526248664369, 389, 100.0, 74, 3893, 0, 3893.0, 2, 346.0, 1.1242774566473988
1000, 4, 100, 5, 0, 0.09961735470988868, 405, 100.0, 247, 4048, 0, 4048.0, 2, 346.0, 1.170520231213873
1000, 4, 100, 5, 0, 0.0997256935638745, 404, 100.0, 109, 4046, 0, 4046.0, 2, 346.0, 1.1676300578034682
1000, 4, 100, 5, 0, 0.09978573701069814, 356, 100.0, 139, 3564, 0, 3564.0, 2, 346.0, 1.0289017341040463
1000, 4, 100, 5, 0, 0.09969655676409452, 503, 100.0, 141, 5039, 0, 5039.0, 2, 346.0, 1.453757225433526
1000, 4, 100, 5, 0, 0.09973243782258394, 402, 100.0, 40, 4021, 0, 4021.0, 2, 346.0, 1.1618497109826589
1000, 4, 100, 5, 0, 0.09968263609163863, 428, 100.0, 94, 4287, 0, 4287.0, 2, 346.0, 1.2369942196531791
1000, 4, 100, 5, 0, 0.09949807693805364, 433, 100.0, 310, 4332, 0, 4332.0, 2, 346.0, 1.2514450867052023
1000, 4, 100, 5, 0, 0.09951337842225787, 423, 100.0, 215, 4228, 0, 4228.0, 2, 346.0, 1.222543352601156
1000, 4, 100, 5, 0, 0.09954568272005627, 642, 100.0, 189, 6426, 0, 6426.0, 2, 346.0, 1.8554913294797688
1000, 4, 100, 5, 0, 0.09969277217272932, 395, 100.0, 177, 3960, 0, 3960.0, 2, 346.0, 1.1416184971098267
1000, 4, 100, 5, 0, 0.09958727803969483, 411, 100.0, 142, 4116, 0, 4116.0, 2, 346.0, 1.1878612716763006
1000, 4, 100, 5, 0, 0.09971335818626459, 417, 100.0, 99, 4160, 0, 4160.0, 2, 346.0, 1.2052023121387283
1000, 4, 100, 5, 0, 0.10000030954400303, 365, 100.0, 164, 3649, 0, 3649.0, 2, 346.0, 1.0549132947976878
1000, 4, 100, 5, 0, 0.09960284645995354, 407, 100.0, 108, 4085, 0, 4085.0, 2, 346.0, 1.176300578034682
1000, 4, 100, 5, 0, 0.09959481144889284, 394, 100.0, 192, 3949, 0, 3949.0, 2, 346.0, 1.138728323699422
1000, 4, 100, 5, 0, 0.09963162050337533, 355, 100.0, 183, 3532, 0, 3532.0, 2, 346.0, 1.0260115606936415
1000, 4, 100, 5, 0, 0.09949771444155879, 444, 100.0, 153, 4450, 0, 4450.0, 2, 346.0, 1.283236994219653
1000, 4, 100, 5, 0, 0.09962078609921095, 426, 100.0, 202, 4267, 0, 4267.0, 2, 346.0, 1.23121387283237
1000, 4, 100, 5, 0, 0.09942162924866026, 494, 100.0, 207, 4940, 0, 4940.0, 2, 346.0, 1.4277456647398843
1000, 4, 100, 5, 0, 0.09960135000348798, 502, 100.0, 180, 5032, 0, 5032.0, 2, 346.0, 1.4508670520231215
1000, 4, 100, 5, 0, 0.0995607339278756, 426, 100.0, 131, 4271, 0, 4271.0, 2, 346.0, 1.23121387283237
1000, 4, 100, 5, 0, 0.09949519720239353, 416, 100.0, 239, 4166, 0, 4166.0, 2, 346.0, 1.2023121387283238
1000, 4, 100, 5, 0, 0.09960133859168473, 518, 100.0, 149, 5177, 0, 5177.0, 2, 346.0, 1.4971098265895955
1000, 4, 100, 5, 0, 0.09948835419766487, 489, 100.0, 156, 4902, 0, 4902.0, 2, 346.0, 1.4132947976878614
1000, 4, 100, 5, 0, 0.09952053908860535, 415, 100.0, 200, 4169, 0, 4169.0, 2, 346.0, 1.199421965317919
1000, 4, 100, 5, 0, 0.09956620451235645, 459, 100.0, 22, 4605, 0, 4605.0, 2, 346.0, 1.3265895953757225
1000, 4, 100, 5, 0, 0.0996070497224881, 426, 100.0, 67, 4271, 0, 4271.0, 2, 346.0, 1.23121387283237
1000, 4, 100, 5, 0, 0.09966896516413429, 452, 100.0, 205, 4530, 0, 4530.0, 2, 346.0, 1.30635838150289
1000, 4, 100, 5, 0, 0.0999867623033588, 335, 100.0, 222, 3355, 0, 3355.0, 2, 346.0, 0.9682080924855492
1000, 4, 100, 5, 0, 0.09979623852099091, 392, 100.0, 139, 3931, 0, 3931.0, 2, 346.0, 1.1329479768786128
1000, 4, 100, 5, 0, 0.09974576700921346, 375, 100.0, 124, 3753, 0, 3753.0, 2, 346.0, 1.083815028901734
1000, 4, 100, 5, 0, 0.09955711008061024, 425, 100.0, 215, 4256, 0, 4256.0, 2, 346.0, 1.2283236994219653
1000, 4, 100, 5, 0, 0.09953036504611042, 432, 100.0, 332, 4322, 0, 4322.0, 2, 346.0, 1.2485549132947977
1000, 4, 100, 5, 0, 0.0994498386015656, 458, 100.0, 50, 4585, 0, 4585.0, 2, 346.0, 1.323699421965318
1000, 4, 100, 5, 0, 0.09952892557491666, 482, 100.0, 113, 4820, 0, 4820.0, 2, 346.0, 1.393063583815029
1000, 4, 100, 5, 0, 0.09955203920138465, 466, 100.0, 297, 4663, 0, 4663.0, 2, 346.0, 1.346820809248555
1000, 4, 100, 5, 0, 0.09957302810221165, 401, 100.0, 205, 4012, 0, 4012.0, 2, 346.0, 1.1589595375722543
1000, 4, 100, 5, 0, 0.09948999018803079, 458, 100.0, 167, 4589, 0, 4589.0, 2, 346.0, 1.323699421965318
1000, 4, 100, 5, 0, 0.09977131639987648, 380, 100.0, 109, 3802, 0, 3802.0, 2, 346.0, 1.0982658959537572
1000, 4, 100, 5, 0, 0.09950489059138609, 481, 100.0, 20, 4818, 0, 4818.0, 2, 346.0, 1.3901734104046244
1000, 4, 100, 5, 0, 0.09960919180907496, 431, 100.0, 360, 4313, 0, 4313.0, 2, 346.0, 1.245664739884393
1000, 4, 100, 5, 0, 0.09958148022092152, 398, 100.0, 219, 3986, 0, 3986.0, 2, 346.0, 1.1502890173410405
1000, 4, 100, 5, 0, 0.09949016231153365, 451, 100.0, 60, 4518, 0, 4518.0, 2, 346.0, 1.3034682080924855
1000, 4, 100, 5, 0, 0.09952045462944185, 509, 100.0, 142, 5097, 0, 5097.0, 2, 346.0, 1.4710982658959537
1000, 4, 100, 5, 0, 0.09958987161312229, 544, 100.0, 162, 5456, 0, 5456.0, 2, 346.0, 1.5722543352601157
1000, 4, 100, 5, 0, 0.09960117836102252, 426, 100.0, 426, 4253, 0, 4253.0, 2, 346.0, 1.23121387283237
1000, 4, 100, 5, 0, 0.0997307199120293, 549, 100.0, 69, 5492, 0, 5492.0, 2, 346.0, 1.5867052023121386
1000, 4, 100, 5, 0, 0.09969354776404755, 335, 100.0, 284, 3351, 0, 3351.0, 2, 346.0, 0.9682080924855492
1000, 4, 100, 5, 0, 0.09962873014264409, 396, 100.0, 40, 3958, 0, 3958.0, 2, 346.0, 1.1445086705202312
1000, 4, 100, 5, 0, 0.09953819348454133, 421, 100.0, 108, 4215, 0, 4215.0, 2, 346.0, 1.216763005780347
1000, 4, 100, 5, 0, 0.0996415710325534, 442, 100.0, 164, 4427, 0, 4427.0, 2, 346.0, 1.277456647398844
1000, 4, 100, 5, 0, 0.09977429826616224, 361, 100.0, 59, 3619, 0, 3619.0, 2, 346.0, 1.0433526011560694
1000, 4, 100, 5, 0, 0.09941155373180084, 465, 100.0, 186, 4657, 0, 4657.0, 2, 346.0, 1.3439306358381502
1000, 4, 100, 5, 0, 0.09955080768568401, 445, 100.0, 210, 4458, 0, 4458.0, 2, 346.0, 1.2861271676300579
1000, 4, 100, 5, 0, 0.09961243043209977, 433, 100.0, 121, 4330, 0, 4330.0, 2, 346.0, 1.2514450867052023
1000, 4, 100, 5, 0, 0.09957788275068308, 417, 100.0, 344, 4174, 0, 4174.0, 2, 346.0, 1.2052023121387283
1000, 4, 100, 5, 0, 0.09954011342976841, 486, 100.0, 108, 4882, 0, 4882.0, 2, 346.0, 1.4046242774566473
1000, 4, 100, 5, 0, 0.09970911278686348, 403, 100.0, 222, 4038, 0, 4038.0, 2, 346.0, 1.1647398843930636
1000, 4, 100, 5, 0, 0.09960718562799652, 420, 100.0, 137, 4200, 0, 4200.0, 2, 346.0, 1.2138728323699421
1000, 4, 100, 5, 0, 0.0995587484243231, 480, 100.0, 146, 4810, 0, 4810.0, 2, 346.0, 1.3872832369942196
1000, 4, 100, 5, 0, 0.0997321406520887, 386, 100.0, 121, 3866, 0, 3866.0, 2, 346.0, 1.115606936416185
1000, 4, 100, 5, 0, 0.0996382888808047, 398, 100.0, 192, 3984, 0, 3984.0, 2, 346.0, 1.1502890173410405
1000, 4, 100, 5, 0, 0.09961336447750152, 405, 100.0, 170, 4050, 0, 4050.0, 2, 346.0, 1.170520231213873
1000, 4, 100, 5, 0, 0.09955056103983434, 423, 100.0, 203, 4238, 0, 4238.0, 2, 346.0, 1.222543352601156
1000, 4, 100, 5, 0, 0.09956648689826007, 606, 100.0, 193, 6087, 0, 6087.0, 2, 346.0, 1.7514450867052023
1000, 4, 100, 5, 0, 0.10032045744885437, 303, 100.0, 275, 3012, 0, 3012.0, 2, 346.0, 0.8757225433526011
1000, 4, 100, 5, 0, 0.09949631336728196, 458, 100.0, 162, 4580, 0, 4580.0, 2, 346.0, 1.323699421965318
1000, 4, 100, 5, 0, 0.09972455690797674, 640, 100.0, 174, 6424, 0, 6424.0, 2, 346.0, 1.8497109826589595
1000, 4, 100, 5, 0, 0.0996043084900435, 465, 100.0, 179, 4665, 0, 4665.0, 2, 346.0, 1.3439306358381502
1000, 4, 100, 5, 0, 0.09959720782806473, 502, 100.0, 167, 5020, 0, 5020.0, 2, 346.0, 1.4508670520231215
1000, 4, 100, 5, 0, 0.09955422032519971, 430, 100.0, 38, 4300, 0, 4300.0, 2, 346.0, 1.2427745664739884
1000, 4, 100, 5, 0, 0.0995786988800191, 419, 100.0, 132, 4192, 0, 4192.0, 2, 346.0, 1.2109826589595376
1000, 4, 100, 5, 0, 0.09957244864135141, 430, 100.0, 116, 4297, 0, 4297.0, 2, 346.0, 1.2427745664739884
1000, 4, 100, 5, 0, 0.09953662517996524, 539, 100.0, 188, 5396, 0, 5396.0, 2, 346.0, 1.5578034682080926
1000, 4, 100, 5, 0, 0.09958653619800681, 426, 100.0, 285, 4259, 0, 4259.0, 2, 346.0, 1.23121387283237
1000, 4, 100, 5, 0, 0.09964382809417749, 449, 100.0, 287, 4489, 0, 4489.0, 2, 346.0, 1.2976878612716762
1000, 4, 100, 5, 0, 0.09953461318953796, 539, 100.0, 53, 5406, 0, 5406.0, 2, 346.0, 1.5578034682080926
1000, 4, 100, 5, 0, 0.09948425288426449, 383, 100.0, 198, 3831, 0, 3831.0, 2, 346.0, 1.106936416184971
1000, 4, 100, 5, 0, 0.09956140478870772, 419, 100.0, 165, 4200, 0, 4200.0, 2, 346.0, 1.2109826589595376
1000, 4, 100, 5, 0, 0.09960705677748871, 439, 100.0, 263, 4391, 0, 4391.0, 2, 346.0, 1.26878612716763
1000, 4, 100, 5, 0, 0.09956911521036252, 426, 100.0, 191, 4266, 0, 4266.0, 2, 346.0, 1.23121387283237
