1000, 32, 100, 5, 31, 0.14081404254138266, 95, 100.0, 11, 2418, 750, 2418.0, 20751, 44.0, 2.159090909090909
1000, 32, 100, 5, 31, 0.14296740027710086, 90, 100.0, 26, 2430, 922, 2430.0, 20751, 44.0, 2.0454545454545454
1000, 32, 100, 5, 31, 0.13962306038278002, 102, 100.0, 24, 2606, 958, 2606.0, 20751, 44.0, 2.3181818181818183
1000, 32, 100, 5, 31, 0.15904057147112102, 109, 100.0, 66, 2615, 410, 2615.0, 20751, 44.0, 2.477272727272727
1000, 32, 100, 5, 31, 0.1600153310972215, 70, 100.0, 13, 1733, 462, 1733.0, 20751, 44.0, 1.5909090909090908
1000, 32, 100, 5, 31, 0.13929486294954058, 97, 100.0, 29, 2700, 820, 2700.0, 20751, 44.0, 2.2045454545454546
1000, 32, 100, 5, 31, 0.13829564175984785, 108, 100.0, 26, 2816, 1030, 2816.0, 20751, 44.0, 2.4545454545454546
1000, 32, 100, 5, 31, 0.16696784063244924, 70, 100.0, 56, 1646, 318, 1646.0, 20751, 44.0, 1.5909090909090908
1000, 32, 100, 5, 31, 0.15996302815500513, 79, 100.0, 26, 2126, 786, 2126.0, 20751, 44.0, 1.7954545454545454
1000, 32, 100, 5, 31, 0.1515429731589352, 93, 100.0, 33, 7036, 5820, 7036.0, 20751, 44.0, 2.1136363636363638
1000, 32, 100, 5, 31, 0.1339980047117435, 93, 100.0, 12, 2360, 800, 2360.0, 20751, 44.0, 2.1136363636363638
1000, 32, 100, 5, 31, 0.131375066401268, 128, 100.0, 26, 3143, 812, 3143.0, 20751, 44.0, 2.909090909090909
1000, 32, 100, 5, 31, 0.14681539462126503, 87, 100.0, 26, 2144, 508, 2144.0, 20751, 44.0, 1.9772727272727273
1000, 32, 100, 5, 31, 0.15857385673731203, 79, 100.0, 28, 2016, 598, 2016.0, 20751, 44.0, 1.7954545454545454
1000, 32, 100, 5, 31, 0.12986521651660277, 100, 100.0, 18, 2633, 1010, 2633.0, 20750, 44.0, 2.272727272727273
1000, 32, 100, 5, 31, 0.1376848135296085, 100, 100.0, 26, 2597, 576, 2597.0, 20751, 44.0, 2.272727272727273
1000, 32, 100, 5, 31, 0.13604188676325968, 115, 100.0, 23, 3113, 1006, 3113.0, 20751, 44.0, 2.6136363636363638
1000, 32, 100, 5, 31, 0.13696734421582643, 108, 100.0, 69, 2790, 722, 2790.0, 20751, 44.0, 2.4545454545454546
1000, 32, 100, 5, 31, 0.13187481705314782, 107, 100.0, 13, 2642, 764, 2642.0, 20751, 44.0, 2.4318181818181817
1000, 32, 100, 5, 31, 0.17973635154804446, 81, 100.0, 43, 2087, 678, 2087.0, 20751, 44.0, 1.8409090909090908
1000, 32, 100, 5, 31, 0.15226477399017002, 87, 100.0, 15, 2288, 876, 2288.0, 20751, 44.0, 1.9772727272727273
1000, 32, 100, 5, 31, 0.1582552141911249, 92, 100.0, 30, 2097, 316, 2097.0, 20751, 44.0, 2.090909090909091
1000, 32, 100, 5, 31, 0.14704578548433084, 89, 100.0, 7, 2291, 768, 2291.0, 20751, 44.0, 2.022727272727273
1000, 32, 100, 5, 31, 0.14852858284176626, 86, 100.0, 16, 2115, 524, 2115.0, 20751, 44.0, 1.9545454545454546
1000, 32, 100, 5, 31, 0.1525321677480563, 84, 100.0, 19, 2156, 676, 2156.0, 20751, 44.0, 1.9090909090909092
1000, 32, 100, 5, 31, 0.15634371488190182, 85, 100.0, 23, 2118, 600, 2118.0, 20751, 44.0, 1.9318181818181819
1000, 32, 100, 5, 31, 0.13873684363100608, 85, 100.0, 45, 2387, 784, 2387.0, 20751, 44.0, 1.9318181818181819
1000, 32, 100, 5, 31, 0.16282674392971477, 89, 100.0, 22, 2132, 426, 2132.0, 20751, 44.0, 2.022727272727273
1000, 32, 100, 5, 31, 0.1674307170464132, 75, 100.0, 19, 2002, 724, 2002.0, 20751, 44.0, 1.7045454545454546
1000, 32, 100, 5, 31, 0.17036365316266636, 81, 100.0, 28, 1989, 504, 1989.0, 20751, 44.0, 1.8409090909090908
1000, 32, 100, 5, 31, 0.1527359316829704, 94, 100.0, 32, 2419, 692, 2419.0, 20751, 44.0, 2.1363636363636362
1000, 32, 100, 5, 31, 0.16412088026023897, 83, 100.0, 25, 2050, 594, 2050.0, 20751, 44.0, 1.8863636363636365
1000, 32, 100, 5, 31, 0.15495404223342096, 97, 100.0, 21, 2523, 916, 2523.0, 20751, 44.0, 2.2045454545454546
1000, 32, 100, 5, 31, 0.14435248844325213, 79, 100.0, 21, 2168, 892, 2168.0, 20751, 44.0, 1.7954545454545454
1000, 32, 100, 5, 31, 0.16328209667396007, 76, 100.0, 18, 2081, 690, 2081.0, 20751, 44.0, 1.7272727272727273
1000, 32, 100, 5, 31, 0.165369291747575, 78, 100.0, 31, 2135, 822, 2135.0, 20751, 44.0, 1.7727272727272727
1000, 32, 100, 5, 31, 0.1614119398386913, 88, 100.0, 34, 2391, 976, 2391.0, 20751, 44.0, 2.0
1000, 32, 100, 5, 31, 0.15415053530527784, 81, 100.0, 30, 2070, 664, 2070.0, 20751, 44.0, 1.8409090909090908
1000, 32, 100, 5, 31, 0.1517094483397782, 93, 100.0, 15, 2306, 568, 2306.0, 20751, 44.0, 2.1136363636363638
1000, 32, 100, 5, 31, 0.13830274693371655, 93, 100.0, 17, 2446, 1004, 2446.0, 20751, 44.0, 2.1136363636363638
1000, 32, 100, 5, 31, 0.14030039927560864, 98, 100.0, 14, 2752, 1076, 2752.0, 20751, 44.0, 2.227272727272727
1000, 32, 100, 5, 31, 0.16914368818907977, 84, 100.0, 52, 2240, 786, 2240.0, 20751, 44.0, 1.9090909090909092
1000, 32, 100, 5, 31, 0.13804688286204678, 110, 100.0, 37, 2912, 1104, 2912.0, 20751, 44.0, 2.5
1000, 32, 100, 5, 31, 0.1431325405677405, 91, 100.0, 20, 2651, 1040, 2651.0, 20751, 44.0, 2.0681818181818183
1000, 32, 100, 5, 31, 0.1430011271808867, 105, 100.0, 26, 2740, 908, 2740.0, 20751, 44.0, 2.3863636363636362
1000, 32, 100, 5, 31, 0.1862687855199412, 86, 100.0, 44, 2190, 552, 2190.0, 20751, 44.0, 1.9545454545454546
1000, 32, 100, 5, 31, 0.13935147241229837, 105, 100.0, 19, 2642, 908, 2642.0, 20751, 44.0, 2.3863636363636362
1000, 32, 100, 5, 31, 0.14728224931090345, 91, 100.0, 22, 2830, 1488, 2830.0, 20751, 44.0, 2.0681818181818183
1000, 32, 100, 5, 31, 0.16483930087894297, 85, 100.0, 26, 2249, 820, 2249.0, 20751, 44.0, 1.9318181818181819
1000, 32, 100, 5, 31, 0.13989109748159168, 94, 100.0, 12, 2391, 462, 2391.0, 20751, 44.0, 2.1363636363636362
1000, 32, 100, 5, 31, 0.17029099045212312, 78, 100.0, 15, 1911, 474, 1911.0, 20751, 44.0, 1.7727272727272727
1000, 32, 100, 5, 31, 0.16141927054232696, 95, 100.0, 29, 2477, 868, 2477.0, 20751, 44.0, 2.159090909090909
1000, 32, 100, 5, 31, 0.15832043906516913, 90, 100.0, 39, 2435, 946, 2435.0, 20751, 44.0, 2.0454545454545454
1000, 32, 100, 5, 31, 0.16129623594398673, 88, 100.0, 31, 2251, 524, 2251.0, 20751, 44.0, 2.0
1000, 32, 100, 5, 31, 0.15826731891671314, 77, 100.0, 30, 1872, 432, 1872.0, 20751, 44.0, 1.75
1000, 32, 100, 5, 31, 0.15286580287261967, 87, 100.0, 31, 2499, 1376, 2499.0, 20751, 44.0, 1.9772727272727273
1000, 32, 100, 5, 31, 0.16037718167239745, 78, 100.0, 16, 1844, 392, 1844.0, 20751, 44.0, 1.7727272727272727
1000, 32, 100, 5, 31, 0.18459297359158394, 78, 100.0, 21, 1934, 438, 1934.0, 20751, 44.0, 1.7727272727272727
1000, 32, 100, 5, 31, 0.15098894202836594, 77, 100.0, 15, 1877, 504, 1877.0, 20751, 44.0, 1.75
1000, 32, 100, 5, 31, 0.1426467685814503, 79, 100.0, 11, 1969, 538, 1969.0, 20751, 44.0, 1.7954545454545454
1000, 32, 100, 5, 31, 0.1491812871280236, 92, 100.0, 23, 2527, 1070, 2527.0, 20751, 44.0, 2.090909090909091
1000, 32, 100, 5, 31, 0.15558287290382178, 83, 100.0, 20, 2200, 628, 2200.0, 20751, 44.0, 1.8863636363636365
1000, 32, 100, 5, 31, 0.15160805343522818, 94, 100.0, 14, 2660, 1166, 2660.0, 20751, 44.0, 2.1363636363636362
1000, 32, 100, 5, 31, 0.1513917776398466, 86, 100.0, 15, 2384, 1002, 2384.0, 20751, 44.0, 1.9545454545454546
1000, 32, 100, 5, 31, 0.16815610218856392, 92, 100.0, 44, 2253, 446, 2253.0, 20751, 44.0, 2.090909090909091
1000, 32, 100, 5, 31, 0.1535489819347243, 95, 100.0, 15, 2486, 864, 2486.0, 20751, 44.0, 2.159090909090909
1000, 32, 100, 5, 31, 0.17599616898724077, 78, 100.0, 11, 2248, 1138, 2248.0, 20751, 44.0, 1.7727272727272727
1000, 32, 100, 5, 31, 0.1536917555482053, 86, 100.0, 12, 2274, 740, 2274.0, 20751, 44.0, 1.9545454545454546
1000, 32, 100, 5, 31, 0.1631467483548486, 88, 100.0, 18, 2325, 774, 2325.0, 20751, 44.0, 2.0
1000, 32, 100, 5, 31, 0.13812822371466707, 100, 100.0, 12, 2742, 570, 2742.0, 20751, 44.0, 2.272727272727273
1000, 32, 100, 5, 31, 0.15982569404327565, 86, 100.0, 22, 2279, 852, 2279.0, 20751, 44.0, 1.9545454545454546
1000, 32, 100, 5, 31, 0.1570496352506706, 85, 100.0, 16, 2404, 780, 2404.0, 20751, 44.0, 1.9318181818181819
1000, 32, 100, 5, 31, 0.14284948197948985, 100, 100.0, 17, 2589, 806, 2589.0, 20751, 44.0, 2.272727272727273
1000, 32, 100, 5, 31, 0.15524154420112535, 91, 100.0, 20, 2188, 512, 2188.0, 20751, 44.0, 2.0681818181818183
1000, 32, 100, 5, 31, 0.15503786010255635, 94, 100.0, 22, 2240, 640, 2240.0, 20751, 44.0, 2.1363636363636362
1000, 32, 100, 5, 31, 0.14860379033762106, 84, 100.0, 17, 1948, 378, 1948.0, 20751, 44.0, 1.9090909090909092
1000, 32, 100, 5, 31, 0.1543587983782943, 84, 100.0, 16, 1912, 310, 1912.0, 20751, 44.0, 1.9090909090909092
1000, 32, 100, 5, 31, 0.1389294143076814, 97, 100.0, 14, 2516, 928, 2516.0, 20751, 44.0, 2.2045454545454546
1000, 32, 100, 5, 31, 0.132435523557275, 105, 100.0, 27, 2643, 950, 2643.0, 20751, 44.0, 2.3863636363636362
1000, 32, 100, 5, 31, 0.1442858597570125, 81, 100.0, 28, 1951, 436, 1951.0, 20751, 44.0, 1.8409090909090908
1000, 32, 100, 5, 31, 0.143812592244816, 82, 100.0, 12, 2028, 566, 2028.0, 20746, 44.0, 1.8636363636363635
1000, 32, 100, 5, 31, 0.1488518367353258, 89, 100.0, 31, 2468, 968, 2468.0, 20751, 44.0, 2.022727272727273
1000, 32, 100, 5, 31, 0.16180867729879042, 86, 100.0, 23, 2310, 710, 2310.0, 20751, 44.0, 1.9545454545454546
1000, 32, 100, 5, 31, 0.14866051333283734, 79, 100.0, 19, 2321, 1240, 2321.0, 20751, 44.0, 1.7954545454545454
1000, 32, 100, 5, 31, 0.16652145532515336, 82, 100.0, 19, 2149, 898, 2149.0, 20751, 44.0, 1.8636363636363635
1000, 32, 100, 5, 31, 0.1676098715672538, 99, 100.0, 40, 2350, 530, 2350.0, 20751, 44.0, 2.25
1000, 32, 100, 5, 31, 0.15322097858676154, 87, 100.0, 14, 2031, 362, 2031.0, 16676, 44.0, 1.9772727272727273
1000, 32, 100, 5, 31, 0.14918873026527585, 91, 100.0, 26, 2326, 620, 2326.0, 20751, 44.0, 2.0681818181818183
1000, 32, 100, 5, 31, 0.15644484398502215, 94, 100.0, 30, 2559, 866, 2559.0, 20751, 44.0, 2.1363636363636362
1000, 32, 100, 5, 31, 0.14883313417293587, 86, 100.0, 33, 1990, 240, 1990.0, 20751, 44.0, 1.9545454545454546
1000, 32, 100, 5, 31, 0.17652011673738116, 92, 100.0, 28, 2274, 826, 2274.0, 20751, 44.0, 2.090909090909091
1000, 32, 100, 5, 31, 0.13474836606152707, 105, 100.0, 30, 3049, 1124, 3049.0, 20751, 44.0, 2.3863636363636362
1000, 32, 100, 5, 31, 0.14305309921432066, 93, 100.0, 19, 2481, 996, 2481.0, 20751, 44.0, 2.1136363636363638
1000, 32, 100, 5, 31, 0.15205727542385405, 94, 100.0, 29, 2370, 510, 2370.0, 20751, 44.0, 2.1363636363636362
1000, 32, 100, 5, 31, 0.14827532019981132, 86, 100.0, 11, 2952, 1844, 2952.0, 20751, 44.0, 1.9545454545454546
1000, 32, 100, 5, 31, 0.14637941703099322, 89, 100.0, 11, 2250, 550, 2250.0, 20751, 44.0, 2.022727272727273
1000, 32, 100, 5, 31, 0.1462455267700341, 97, 100.0, 34, 2483, 830, 2483.0, 20751, 44.0, 2.2045454545454546
1000, 32, 100, 5, 31, 0.169464145288665, 73, 100.0, 18, 1858, 620, 1858.0, 20750, 44.0, 1.6590909090909092
1000, 32, 100, 5, 31, 0.13853688199289138, 102, 100.0, 17, 2439, 588, 2439.0, 20751, 44.0, 2.3181818181818183
1000, 32, 100, 5, 31, 0.17690783203564595, 79, 100.0, 21, 2161, 878, 2161.0, 20750, 44.0, 1.7954545454545454
