100, 80, 10, 79, 0.098524898084297, 95, 11439, 684.0, 720.0, 95.0, 67071, 838.0, 89.5875, 35, 0.0, 0, 100.0, 159, 828, 1.0, 0.0
100, 80, 10, 79, 0.09541299185439378, 78, 13244, 567.0, 720.0, 78.75, 64920, 811.0, 88.4625, 34, 0.0, 0, 100.0, 160, 855, 1.0, 0.0
100, 80, 10, 79, 0.09670759215734433, 87, 13361, 630.0, 720.0, 87.5, 68076, 850.0, 90.2125, 38, 0.0, 0, 100.0, 159, 855, 1.0, 0.0
100, 80, 10, 79, 0.09576029045263129, 86, 13106, 621.0, 720.0, 86.25, 66525, 831.0, 89.05, 19, 0.0, 0, 100.0, 160, 861, 1.0, 0.0
100, 80, 10, 0, 0.09783422278802537, 75, 13552, 540.0, 720.0, 75.0, 65607, 820.0, 89.5625, 27, 0.0, 0, 100.0, 239, 825, 1.0, 0.0
100, 80, 10, 79, 0.09613227492433976, 90, 11835, 648.0, 720.0, 90.0, 66066, 825.0, 89.65, 45, 0.0, 0, 100.0, 158, 879, 1.0, 0.0
100, 80, 10, 79, 0.09564101942276321, 93, 11579, 675.0, 720.0, 93.75, 67515, 843.0, 90.3625, 50, 0.0, 0, 100.0, 161, 801, 1.0, 0.0
100, 80, 10, 79, 0.09849297872700072, 92, 12060, 666.0, 720.0, 92.5, 67446, 843.0, 89.2625, 42, 0.0, 0, 100.0, 161, 894, 1.0, 0.0
100, 80, 10, 79, 0.09659705504595459, 95, 11851, 684.0, 720.0, 95.0, 67614, 845.0, 90.2875, 37, 0.0, 0, 100.0, 160, 705, 1.0, 0.0
100, 80, 10, 79, 0.09813313811717359, 96, 12457, 693.0, 720.0, 96.25, 68988, 862.0, 90.2875, 49, 0.0, 0, 100.0, 160, 732, 1.0, 0.0
100, 80, 10, 0, 0.09635694750501582, 83, 11892, 603.0, 720.0, 83.75, 63129, 789.0, 89.9375, 43, 0.0, 0, 100.0, 240, 801, 1.0, 0.0
100, 80, 10, 79, 0.09583782726187819, 66, 13230, 477.0, 720.0, 66.25, 63051, 788.0, 89.375, 39, 0.0, 0, 100.0, 160, 813, 1.0, 0.0
100, 80, 10, 79, 0.09615032576231589, 93, 12647, 675.0, 720.0, 93.75, 67710, 846.0, 89.7375, 24, 0.0, 0, 100.0, 158, 894, 1.0, 0.0
100, 80, 10, 79, 0.09703835074827799, 93, 12522, 675.0, 720.0, 93.75, 67938, 849.0, 89.825, 41, 0.0, 0, 100.0, 159, 900, 1.0, 0.0
100, 80, 10, 79, 0.09778131376669873, 90, 12667, 648.0, 720.0, 90.0, 66867, 835.0, 89.8375, 38, 0.0, 0, 100.0, 158, 873, 1.0, 0.0
100, 80, 10, 79, 0.0945841928169495, 92, 11581, 666.0, 720.0, 92.5, 67038, 837.0, 89.8875, 33, 0.0, 0, 100.0, 160, 876, 1.0, 0.0
100, 80, 10, 79, 0.09434199081115725, 100, 11793, 720.0, 720.0, 100.0, 68400, 855.0, 88.8875, 29, 0.0, 0, 100.0, 159, 897, 1.0, 0.0
100, 80, 10, 79, 0.09870357627234386, 87, 12936, 630.0, 720.0, 87.5, 68139, 851.0, 90.125, 42, 0.0, 0, 100.0, 158, 900, 1.0, 0.0
100, 80, 10, 79, 0.0945071015615604, 91, 12385, 657.0, 720.0, 91.25, 68436, 855.0, 90.325, 46, 0.0, 0, 100.0, 159, 894, 1.0, 0.0
100, 80, 10, 79, 0.10038558402643397, 86, 12641, 621.0, 720.0, 86.25, 67473, 843.0, 90.4125, 34, 0.0, 0, 100.0, 160, 873, 1.0, 0.0
100, 80, 10, 79, 0.09721427075676292, 65, 12310, 468.0, 720.0, 65.0, 54417, 680.0, 90.6875, 50, 0.0, 0, 100.0, 160, 684, 1.0, 0.0
100, 80, 10, 0, 0.09584027776003476, 70, 13593, 504.0, 720.0, 70.0, 65103, 813.0, 91.2, 33, 0.0, 0, 100.0, 238, 849, 1.0, 0.0
100, 80, 10, 79, 0.0960654953962296, 73, 11313, 531.0, 720.0, 73.75, 55953, 699.0, 90.225, 25, 0.0, 0, 100.0, 160, 708, 1.0, 0.0
100, 80, 10, 79, 0.09586579554848704, 87, 12225, 630.0, 720.0, 87.5, 63789, 797.0, 87.9125, 31, 0.0, 0, 100.0, 159, 645, 1.0, 0.0
100, 80, 10, 79, 0.10070311440004531, 53, 11316, 387.0, 720.0, 53.75, 43389, 542.0, 89.7875, 41, 0.0, 0, 100.0, 239, 543, 1.0, 0.0
100, 80, 10, 79, 0.09767590263741831, 80, 13294, 576.0, 720.0, 80.0, 66039, 825.0, 89.725, 47, 0.0, 0, 100.0, 162, 645, 1.0, 0.0
100, 80, 10, 0, 0.09433165157618985, 96, 12409, 693.0, 720.0, 96.25, 68889, 861.0, 90.35, 41, 0.0, 0, 100.0, 158, 864, 1.0, 0.0
100, 80, 10, 79, 0.09863081029915126, 95, 12612, 684.0, 720.0, 95.0, 69042, 863.0, 90.4, 31, 0.0, 0, 100.0, 160, 918, 1.0, 0.0
100, 80, 10, 79, 0.09542061358285947, 82, 14125, 594.0, 720.0, 82.5, 67413, 842.0, 90.35, 38, 0.0, 0, 100.0, 240, 879, 1.0, 0.0
100, 80, 10, 79, 0.09781903787235927, 91, 12506, 657.0, 720.0, 91.25, 68397, 854.0, 90.7125, 48, 0.0, 0, 100.0, 160, 927, 1.0, 0.0
100, 80, 10, 79, 0.09778071120124895, 93, 12543, 675.0, 720.0, 93.75, 67320, 841.0, 89.9125, 46, 0.0, 0, 100.0, 159, 897, 1.0, 0.0
100, 80, 10, 79, 0.09370416694513808, 80, 14167, 576.0, 720.0, 80.0, 67239, 840.0, 90.625, 49, 0.0, 0, 100.0, 240, 831, 1.0, 0.0
100, 80, 10, 0, 0.0956762038237707, 96, 12574, 693.0, 720.0, 96.25, 68766, 859.0, 90.75, 46, 0.0, 0, 100.0, 160, 918, 1.0, 0.0
100, 80, 10, 79, 0.09903269396980524, 57, 14224, 414.0, 720.0, 57.49999999999999, 62127, 776.0, 90.3125, 31, 0.0, 0, 100.0, 159, 549, 1.0, 0.0
100, 80, 10, 79, 0.09491243063370869, 93, 12560, 675.0, 720.0, 93.75, 68139, 851.0, 89.6875, 35, 0.0, 0, 100.0, 162, 927, 1.0, 0.0
100, 80, 10, 79, 0.09550943970366835, 95, 12307, 684.0, 720.0, 95.0, 68694, 858.0, 89.7, 30, 0.0, 0, 100.0, 159, 741, 1.0, 0.0
100, 80, 10, 79, 0.09688105188174172, 93, 12313, 675.0, 720.0, 93.75, 67983, 849.0, 90.5625, 47, 0.0, 0, 100.0, 161, 891, 1.0, 0.0
100, 80, 10, 79, 0.0970938923006667, 91, 12541, 657.0, 720.0, 91.25, 67728, 846.0, 89.7625, 37, 0.0, 0, 100.0, 160, 891, 1.0, 0.0
100, 80, 10, 0, 0.0982717548304235, 93, 11720, 675.0, 720.0, 93.75, 67308, 841.0, 89.8, 46, 0.0, 0, 100.0, 160, 891, 1.0, 0.0
100, 80, 10, 79, 0.09598780684866157, 51, 13452, 369.0, 720.0, 51.24999999999999, 61188, 764.0, 90.8125, 41, 0.0, 0, 100.0, 238, 813, 1.0, 0.0
100, 80, 10, 79, 0.09629658053318028, 85, 13377, 612.0, 720.0, 85.0, 67539, 844.0, 90.25, 48, 0.0, 0, 100.0, 159, 669, 1.0, 0.0
100, 80, 10, 79, 0.10079451798046155, 83, 13447, 603.0, 720.0, 83.75, 67284, 841.0, 90.3625, 40, 0.0, 0, 100.0, 159, 822, 1.0, 0.0
100, 80, 10, 79, 0.09435327428039768, 95, 11852, 684.0, 720.0, 95.0, 68583, 857.0, 90.9625, 47, 0.0, 0, 100.0, 162, 849, 1.0, 0.0
100, 80, 10, 79, 0.10236582932480089, 93, 11869, 675.0, 720.0, 93.75, 67623, 845.0, 91.0625, 42, 0.0, 0, 100.0, 162, 789, 1.0, 0.0
100, 80, 10, 0, 0.09538303311344426, 77, 13543, 558.0, 720.0, 77.5, 65706, 821.0, 89.6625, 26, 0.0, 0, 100.0, 161, 858, 1.0, 0.0
100, 80, 10, 0, 0.09328031187676826, 97, 12254, 702.0, 720.0, 97.5, 68805, 860.0, 90.725, 7, 0.0, 0, 100.0, 160, 900, 1.0, 0.0
100, 80, 10, 79, 0.09843991000922615, 92, 12282, 666.0, 720.0, 92.5, 66693, 833.0, 89.3875, 43, 0.0, 0, 100.0, 159, 813, 1.0, 0.0
100, 80, 10, 0, 0.0949515618282645, 87, 12754, 630.0, 720.0, 87.5, 68685, 858.0, 90.5625, 19, 0.0, 0, 100.0, 160, 891, 1.0, 0.0
100, 80, 10, 79, 0.09974243702148193, 98, 11414, 711.0, 720.0, 98.75, 67968, 849.0, 89.825, 44, 0.0, 0, 100.0, 160, 912, 1.0, 0.0
100, 80, 10, 79, 0.09943553709904158, 86, 12861, 621.0, 720.0, 86.25, 66810, 835.0, 89.9, 38, 0.0, 0, 100.0, 161, 852, 1.0, 0.0
100, 80, 10, 0, 0.0922254145729882, 95, 11839, 684.0, 720.0, 95.0, 68388, 854.0, 90.3625, 47, 0.0, 0, 100.0, 160, 909, 1.0, 0.0
100, 80, 10, 79, 0.09332077963017518, 95, 11740, 684.0, 720.0, 95.0, 67995, 849.0, 90.1875, 46, 0.0, 0, 100.0, 160, 888, 1.0, 0.0
100, 80, 10, 0, 0.09608412001468264, 65, 14011, 468.0, 720.0, 65.0, 63291, 791.0, 89.0875, 35, 0.0, 0, 100.0, 160, 837, 1.0, 0.0
100, 80, 10, 79, 0.09770864326816002, 92, 11833, 666.0, 720.0, 92.5, 66792, 834.0, 89.8375, 38, 0.0, 0, 100.0, 158, 885, 1.0, 0.0
100, 80, 10, 79, 0.09276055425034425, 95, 12325, 684.0, 720.0, 95.0, 67914, 848.0, 89.4875, 35, 0.0, 0, 100.0, 159, 909, 1.0, 0.0
100, 80, 10, 0, 0.09735562385608483, 93, 12680, 675.0, 720.0, 93.75, 68967, 862.0, 90.55, 50, 0.0, 0, 100.0, 158, 915, 1.0, 0.0
100, 80, 10, 79, 0.09521624525683949, 81, 12095, 585.0, 720.0, 81.25, 64059, 800.0, 89.85, 26, 0.0, 0, 100.0, 158, 831, 1.0, 0.0
100, 80, 10, 79, 0.09598630837948029, 93, 12158, 675.0, 720.0, 93.75, 67407, 842.0, 90.0375, 34, 0.0, 0, 100.0, 159, 792, 1.0, 0.0
100, 80, 10, 79, 0.0973631748286412, 92, 11479, 666.0, 720.0, 92.5, 66030, 825.0, 89.475, 33, 0.0, 0, 100.0, 159, 873, 1.0, 0.0
100, 80, 10, 79, 0.0976400551277546, 80, 13149, 576.0, 720.0, 80.0, 62538, 781.0, 90.3, 49, 0.0, 0, 100.0, 160, 645, 1.0, 0.0
100, 80, 10, 79, 0.09971300805803426, 92, 12201, 666.0, 720.0, 92.5, 67248, 840.0, 89.7, 43, 0.0, 0, 100.0, 160, 876, 1.0, 0.0
100, 80, 10, 79, 0.09813743391659661, 72, 12007, 522.0, 720.0, 72.5, 56832, 710.0, 89.825, 32, 0.0, 0, 100.0, 159, 720, 1.0, 0.0
100, 80, 10, 79, 0.09811427472185308, 95, 12024, 684.0, 720.0, 95.0, 68805, 860.0, 90.4125, 30, 0.0, 0, 100.0, 163, 837, 1.0, 0.0
100, 80, 10, 79, 0.10312768059104709, 95, 12238, 684.0, 720.0, 95.0, 67491, 843.0, 90.0, 33, 0.0, 0, 100.0, 160, 897, 1.0, 0.0
100, 80, 10, 79, 0.09408797650871506, 96, 12411, 693.0, 720.0, 96.25, 69378, 867.0, 91.4625, 52, 0.0, 0, 100.0, 238, 804, 1.0, 0.0
100, 80, 10, 79, 0.09433262563254484, 92, 11619, 666.0, 720.0, 92.5, 67224, 840.0, 89.85, 34, 0.0, 0, 100.0, 160, 693, 1.0, 0.0
100, 80, 10, 79, 0.09553563884466086, 63, 13610, 459.0, 720.0, 63.74999999999999, 62961, 787.0, 90.175, 41, 0.0, 0, 100.0, 240, 801, 1.0, 0.0
100, 80, 10, 0, 0.09650632957999354, 90, 11901, 648.0, 720.0, 90.0, 67395, 842.0, 89.9875, 23, 0.0, 0, 100.0, 161, 777, 1.0, 0.0
100, 80, 10, 79, 0.10090995118037106, 98, 12269, 711.0, 720.0, 98.75, 68964, 862.0, 90.35, 43, 0.0, 0, 100.0, 160, 897, 1.0, 0.0
100, 80, 10, 79, 0.0955043110329891, 98, 11746, 711.0, 720.0, 98.75, 68532, 856.0, 90.15, 41, 0.0, 0, 100.0, 161, 849, 1.0, 0.0
100, 80, 10, 79, 0.09766052316276772, 80, 12839, 576.0, 720.0, 80.0, 66180, 827.0, 89.525, 29, 0.0, 0, 100.0, 163, 867, 1.0, 0.0
100, 80, 10, 79, 0.09520346642164344, 75, 13170, 540.0, 720.0, 75.0, 65403, 817.0, 90.725, 50, 0.0, 0, 100.0, 238, 729, 1.0, 0.0
100, 80, 10, 79, 0.0968014867687165, 93, 12250, 675.0, 720.0, 93.75, 66711, 833.0, 88.825, 8, 0.0, 0, 100.0, 161, 717, 1.0, 0.0
100, 80, 10, 79, 0.0948078627449336, 75, 13172, 540.0, 720.0, 75.0, 63993, 799.0, 89.8625, 39, 0.0, 0, 100.0, 239, 726, 1.0, 0.0
100, 80, 10, 79, 0.0970871512201772, 95, 11814, 684.0, 720.0, 95.0, 67773, 847.0, 89.2625, 36, 0.0, 0, 100.0, 161, 900, 1.0, 0.0
100, 80, 10, 0, 0.09707036496454986, 50, 13638, 360.0, 720.0, 50.0, 60624, 757.0, 88.3875, 32, 0.0, 0, 100.0, 240, 747, 1.0, 0.0
100, 80, 10, 0, 0.09853626705102674, 78, 13117, 567.0, 720.0, 78.75, 65919, 823.0, 89.4375, 34, 0.0, 0, 100.0, 160, 879, 1.0, 0.0
100, 80, 10, 79, 0.09805487777417038, 95, 12110, 684.0, 720.0, 95.0, 68943, 861.0, 90.15, 39, 0.0, 0, 100.0, 160, 909, 1.0, 0.0
100, 80, 10, 0, 0.09920643237163962, 88, 12243, 639.0, 720.0, 88.75, 66345, 829.0, 89.0375, 43, 0.0, 0, 100.0, 161, 903, 1.0, 0.0
100, 80, 10, 79, 0.10001028482841644, 78, 13213, 567.0, 720.0, 78.75, 66228, 827.0, 89.4625, 34, 0.0, 0, 100.0, 238, 744, 1.0, 0.0
100, 80, 10, 79, 0.09757989080773101, 50, 13297, 360.0, 720.0, 50.0, 59229, 740.0, 88.4375, 33, 0.0, 0, 100.0, 241, 747, 1.0, 0.0
100, 80, 10, 0, 0.09793508202809584, 76, 13154, 549.0, 720.0, 76.25, 65253, 815.0, 89.9625, 40, 0.0, 0, 100.0, 239, 855, 1.0, 0.0
100, 80, 10, 79, 0.09736067509575717, 100, 11783, 720.0, 720.0, 100.0, 68352, 854.0, 90.2, 45, 0.0, 0, 100.0, 160, 927, 1.0, 0.0
100, 80, 10, 0, 0.09752509451482394, 87, 12722, 630.0, 720.0, 87.5, 67701, 846.0, 90.75, 44, 0.0, 0, 100.0, 160, 645, 1.0, 0.0
100, 80, 10, 79, 0.09716837358211693, 93, 12132, 675.0, 720.0, 93.75, 67659, 845.0, 89.2625, 30, 0.0, 0, 100.0, 158, 897, 1.0, 0.0
100, 80, 10, 79, 0.09384325466564661, 86, 12604, 621.0, 720.0, 86.25, 65787, 822.0, 89.225, 44, 0.0, 0, 100.0, 239, 888, 1.0, 0.0
100, 80, 10, 79, 0.10167380715025115, 96, 12693, 693.0, 720.0, 96.25, 68925, 861.0, 89.875, 11, 0.0, 0, 100.0, 160, 909, 1.0, 0.0
100, 80, 10, 79, 0.09764553668015771, 93, 12123, 675.0, 720.0, 93.75, 67104, 838.0, 89.7, 32, 0.0, 0, 100.0, 160, 861, 1.0, 0.0
100, 80, 10, 79, 0.09459952492206491, 86, 13087, 621.0, 720.0, 86.25, 67098, 838.0, 89.3375, 46, 0.0, 0, 100.0, 239, 813, 1.0, 0.0
100, 80, 10, 0, 0.10028912970153031, 77, 14301, 558.0, 720.0, 77.5, 66069, 825.0, 89.8, 34, 0.0, 0, 100.0, 238, 885, 1.0, 0.0
100, 80, 10, 79, 0.0960148331152403, 71, 13564, 513.0, 720.0, 71.25, 63633, 795.0, 89.325, 43, 0.0, 0, 100.0, 161, 843, 1.0, 0.0
100, 80, 10, 0, 0.09474623028741344, 92, 11860, 666.0, 720.0, 92.5, 66999, 837.0, 90.2625, 42, 0.0, 0, 100.0, 162, 882, 1.0, 0.0
100, 80, 10, 79, 0.09718652931860966, 93, 12327, 675.0, 720.0, 93.75, 67713, 846.0, 89.875, 20, 0.0, 0, 100.0, 160, 891, 1.0, 0.0
100, 80, 10, 79, 0.09689725838050539, 91, 12854, 657.0, 720.0, 91.25, 67773, 847.0, 90.4, 36, 0.0, 0, 100.0, 158, 789, 1.0, 0.0
100, 80, 10, 79, 0.09912530879504221, 86, 12272, 621.0, 720.0, 86.25, 65463, 818.0, 89.6, 46, 0.0, 0, 100.0, 162, 825, 1.0, 0.0
100, 80, 10, 0, 0.09625617357582959, 93, 12466, 675.0, 720.0, 93.75, 68637, 857.0, 90.375, 43, 0.0, 0, 100.0, 161, 888, 1.0, 0.0
100, 80, 10, 79, 0.10020156166092024, 52, 13443, 378.0, 720.0, 52.5, 60519, 756.0, 89.675, 42, 0.0, 0, 100.0, 159, 789, 1.0, 0.0
100, 80, 10, 79, 0.09303557330124752, 75, 13815, 540.0, 720.0, 75.0, 65688, 821.0, 90.9125, 34, 0.0, 0, 100.0, 159, 825, 1.0, 0.0
100, 80, 10, 79, 0.0936740893456164, 98, 12204, 711.0, 720.0, 98.75, 68805, 860.0, 90.525, 48, 0.0, 0, 100.0, 158, 693, 1.0, 0.0
100, 80, 10, 0, 0.09602813593567054, 86, 13096, 621.0, 720.0, 86.25, 67263, 840.0, 89.3125, 46, 0.0, 0, 100.0, 159, 900, 1.0, 0.0
