


1, 200, 2.05, 0, 0, 0, 0, 0.0, 0.0, 0.0, 0, 0
2, 200, 4.02, 2, 0, 0, 729, 0.0, 865.0, 0.0, 2710, 2641
3, 200, 4.71, 5, 0, 0, 1655, 0.0, 865.0, 0.0, 6116, 5336
4, 200, 4.97, 4, 0, 0, 2652, 0.0, 865.0, 0.0, 9776, 7884
5, 200, 5.0, 5, 0, 0, 3652, 0.0, 865.0, 0.0, 13486, 10525
6, 200, 5.0, 5, 0, 0, 4642, 0.0, 865.0, 0.0, 17126, 13032
7, 200, 5.0, 5, 0, 0, 5642, 0.0, 865.0, 0.0, 20811, 15584
8, 200, 5.0, 5, 0, 0, 6642, 0.0, 865.0, 0.0, 24496, 18091
9, 200, 5.0, 5, 0, 0, 7647, 0.0, 865.0, 0.0, 28191, 20719
10, 200, 5.0, 5, 0, 1, 8642, 9.0, 865.0, 1.0404624277456647, 31866, 23413
11, 200, 5.0, 5, 0, 1, 9642, 9.0, 865.0, 1.0404624277456647, 35551, 26104
12, 200, 5.0, 5, 0, 1, 10647, 18.0, 865.0, 2.0809248554913293, 39256, 28815
13, 200, 5.0, 5, 0, 1, 11642, 18.0, 865.0, 2.0809248554913293, 42921, 31471
14, 200, 5.0, 5, 0, 1, 12642, 18.0, 865.0, 2.0809248554913293, 46606, 33911
15, 200, 5.0, 5, 0, 2, 13642, 19.0, 865.0, 2.1965317919075145, 50291, 36479
16, 200, 5.0, 5, 0, 3, 14642, 30.0, 865.0, 3.4682080924855487, 53976, 38891
17, 200, 5.0, 5, 0, 4, 15642, 42.0, 865.0, 4.855491329479769, 57661, 41304
18, 200, 5.0, 5, 0, 5, 16642, 43.0, 865.0, 4.971098265895954, 61346, 43529
19, 200, 5.0, 5, 0, 5, 17642, 43.0, 865.0, 4.971098265895954, 65031, 45738
20, 200, 5.0, 5, 0, 5, 18642, 44.0, 865.0, 5.086705202312139, 68716, 47973
21, 200, 5.0, 5, 0, 7, 19642, 56.0, 865.0, 6.473988439306358, 72401, 50086
22, 200, 5.0, 5, 0, 7, 20642, 65.0, 865.0, 7.514450867052023, 76086, 52124
23, 200, 5.0, 5, 0, 9, 21642, 81.0, 865.0, 9.364161849710982, 79771, 54144
24, 200, 5.0, 5, 0, 10, 22642, 92.0, 865.0, 10.635838150289018, 83456, 56293
25, 200, 5.0, 5, 0, 11, 23642, 95.0, 865.0, 10.982658959537572, 87141, 58268
26, 200, 5.0, 5, 0, 13, 24647, 98.0, 865.0, 11.329479768786127, 90861, 60163
27, 200, 5.0, 5, 0, 13, 25642, 99.0, 865.0, 11.445086705202312, 94511, 62076
28, 200, 5.0, 5, 0, 13, 26642, 99.0, 865.0, 11.445086705202312, 98196, 63904
29, 200, 5.0, 5, 0, 13, 27642, 99.0, 865.0, 11.445086705202312, 101881, 65618
30, 200, 5.0, 5, 0, 14, 28647, 117.0, 865.0, 13.52601156069364, 105581, 67334
31, 200, 5.0, 5, 0, 15, 29642, 118.0, 865.0, 13.641618497109825, 109251, 69161
32, 200, 5.0, 5, 0, 16, 30642, 128.0, 865.0, 14.797687861271678, 112936, 70825
33, 200, 5.0, 5, 0, 16, 31642, 128.0, 865.0, 14.797687861271678, 116621, 72526
34, 200, 5.0, 5, 0, 17, 32647, 130.0, 865.0, 15.028901734104046, 120316, 74209
35, 200, 5.0, 5, 0, 18, 33642, 140.0, 865.0, 16.184971098265898, 123991, 75691
36, 200, 5.0, 5, 0, 18, 34642, 141.0, 865.0, 16.300578034682083, 127676, 77192
37, 200, 5.0, 5, 0, 19, 35642, 159.0, 865.0, 18.381502890173408, 131361, 78633
38, 200, 5.0, 5, 0, 20, 36647, 164.0, 865.0, 18.959537572254334, 135056, 80076
39, 200, 5.0, 5, 0, 21, 37642, 167.0, 865.0, 19.30635838150289, 138731, 81485
40, 200, 5.0, 5, 0, 22, 38647, 168.0, 865.0, 19.421965317919074, 142426, 83000
41, 200, 5.0, 5, 0, 22, 39642, 169.0, 865.0, 19.537572254335263, 146101, 84267
42, 200, 5.0, 5, 0, 24, 40642, 178.0, 865.0, 20.578034682080926, 149786, 85574
43, 200, 5.0, 5, 0, 24, 41642, 178.0, 865.0, 20.578034682080926, 153471, 86819
44, 200, 5.0, 5, 0, 24, 42642, 178.0, 865.0, 20.578034682080926, 157156, 87975
45, 200, 5.0, 5, 0, 25, 43642, 182.0, 865.0, 21.040462427745666, 160841, 89140
46, 200, 5.0, 5, 0, 25, 44647, 192.0, 865.0, 22.196531791907514, 164541, 90456
47, 200, 5.0, 5, 0, 25, 45647, 192.0, 865.0, 22.196531791907514, 168251, 91696
48, 200, 5.0, 5, 0, 25, 46647, 193.0, 865.0, 22.3121387283237, 171906, 92819
49, 200, 5.0, 5, 0, 26, 47642, 195.0, 865.0, 22.54335260115607, 175581, 93884
50, 200, 5.0, 5, 0, 27, 48642, 206.0, 865.0, 23.815028901734102, 179266, 95017
51, 200, 5.0, 5, 0, 27, 49642, 207.0, 865.0, 23.930635838150287, 182951, 96111
52, 200, 5.0, 5, 0, 28, 50642, 217.0, 865.0, 25.08670520231214, 186636, 97133
53, 200, 5.0, 5, 0, 28, 51642, 217.0, 865.0, 25.08670520231214, 190321, 98277
54, 200, 5.0, 5, 0, 30, 52647, 229.0, 865.0, 26.473988439306357, 194021, 99197
55, 200, 5.0, 5, 0, 30, 53647, 238.0, 865.0, 27.51445086705202, 197721, 100185
56, 200, 5.0, 5, 0, 30, 54642, 238.0, 865.0, 27.51445086705202, 201376, 100953
57, 200, 5.0, 5, 0, 30, 55642, 250.0, 865.0, 28.901734104046245, 205061, 101804
58, 200, 5.0, 5, 0, 31, 56642, 257.0, 865.0, 29.71098265895954, 208746, 102745
59, 200, 5.0, 5, 0, 32, 57642, 267.0, 865.0, 30.86705202312139, 212431, 103567
60, 200, 5.0, 5, 0, 33, 58652, 269.0, 865.0, 31.09826589595376, 216166, 104515
61, 200, 5.0, 5, 0, 34, 59647, 273.0, 865.0, 31.5606936416185, 219826, 105336
62, 200, 5.0, 5, 0, 35, 60642, 276.0, 865.0, 31.90751445086705, 223486, 106175
63, 200, 5.0, 5, 0, 37, 61642, 281.0, 865.0, 32.48554913294798, 227171, 106990
64, 200, 5.0, 5, 0, 38, 62642, 285.0, 865.0, 32.947976878612714, 230856, 107827
65, 200, 5.0, 5, 0, 38, 63642, 285.0, 865.0, 32.947976878612714, 234541, 108583
66, 200, 5.0, 5, 0, 38, 64642, 286.0, 865.0, 33.0635838150289, 238226, 109320
67, 200, 5.0, 5, 0, 40, 65642, 294.0, 865.0, 33.98843930635838, 241911, 110122
68, 200, 5.0, 5, 0, 40, 66642, 294.0, 865.0, 33.98843930635838, 245596, 110860
69, 200, 5.0, 5, 0, 42, 67642, 308.0, 865.0, 35.60693641618497, 249281, 111598
70, 200, 5.0, 5, 0, 43, 68642, 319.0, 865.0, 36.878612716763, 252966, 112364
71, 200, 5.0, 5, 0, 44, 69647, 320.0, 865.0, 36.99421965317919, 256666, 113030
72, 200, 5.0, 5, 0, 44, 70642, 320.0, 865.0, 36.99421965317919, 260336, 113727
73, 200, 5.0, 5, 0, 45, 71642, 330.0, 865.0, 38.15028901734104, 264021, 114353
74, 200, 5.0, 5, 0, 45, 72642, 331.0, 865.0, 38.26589595375722, 267706, 114993
75, 200, 5.0, 5, 0, 46, 73642, 332.0, 865.0, 38.38150289017341, 271391, 115638
76, 200, 5.0, 5, 0, 47, 74647, 342.0, 865.0, 39.53757225433526, 275091, 116199
77, 200, 5.0, 5, 0, 48, 75642, 345.0, 865.0, 39.884393063583815, 278761, 116757
78, 200, 5.0, 5, 0, 49, 76647, 346.0, 865.0, 40.0, 282456, 117354
79, 200, 5.0, 5, 0, 49, 77642, 347.0, 865.0, 40.115606936416185, 286131, 117921
80, 200, 5.0, 5, 0, 50, 78642, 348.0, 865.0, 40.23121387283237, 289816, 118518
81, 200, 5.0, 5, 0, 51, 79642, 377.0, 865.0, 43.58381502890173, 293501, 119064
82, 200, 5.0, 5, 0, 53, 80642, 388.0, 865.0, 44.85549132947977, 297186, 119590
83, 200, 5.0, 5, 0, 54, 81642, 398.0, 865.0, 46.01156069364162, 300871, 120117
84, 200, 5.0, 5, 0, 55, 82647, 411.0, 865.0, 47.51445086705202, 304576, 120633
85, 200, 5.0, 5, 0, 56, 83642, 423.0, 865.0, 48.90173410404624, 308241, 121167
86, 200, 5.0, 5, 0, 57, 84647, 425.0, 865.0, 49.13294797687861, 311936, 121588
87, 200, 5.0, 5, 0, 59, 85652, 447.0, 865.0, 51.676300578034684, 315641, 122126
88, 200, 5.0, 5, 0, 59, 86642, 447.0, 865.0, 51.676300578034684, 319296, 122602
89, 200, 5.0, 5, 0, 59, 87647, 447.0, 865.0, 51.676300578034684, 322991, 123050
90, 200, 5.0, 5, 0, 60, 88652, 449.0, 865.0, 51.907514450867055, 326691, 123510
91, 200, 5.0, 5, 0, 61, 89642, 459.0, 865.0, 53.063583815028906, 330351, 123940
92, 200, 5.0, 5, 0, 61, 90642, 459.0, 865.0, 53.063583815028906, 334036, 124404
93, 200, 5.0, 5, 0, 61, 91642, 459.0, 865.0, 53.063583815028906, 337721, 124854
94, 200, 5.0, 5, 0, 61, 92642, 459.0, 865.0, 53.063583815028906, 341406, 125241
95, 200, 5.0, 5, 0, 62, 93642, 462.0, 865.0, 53.410404624277454, 345091, 125594
96, 200, 5.0, 5, 0, 63, 94642, 464.0, 865.0, 53.641618497109825, 348776, 125982
97, 200, 5.0, 5, 0, 64, 95642, 468.0, 865.0, 54.10404624277456, 352461, 126386
98, 200, 5.0, 5, 0, 64, 96642, 468.0, 865.0, 54.10404624277456, 356146, 126788
99, 200, 5.0, 5, 0, 65, 97642, 478.0, 865.0, 55.26011560693641, 359831, 127138
100, 200, 5.0, 5, 0, 66, 98642, 482.0, 865.0, 55.722543352601164, 363516, 127510
101, 200, 5.0, 5, 0, 66, 99642, 484.0, 865.0, 55.953757225433534, 367201, 127872
102, 200, 5.0, 5, 0, 68, 100642, 537.0, 865.0, 62.080924855491325, 370886, 128235
103, 200, 5.0, 5, 0, 68, 101642, 538.0, 865.0, 62.19653179190752, 374571, 128576
104, 200, 5.0, 5, 0, 68, 102642, 538.0, 865.0, 62.19653179190752, 378256, 128848
105, 200, 5.0, 5, 0, 68, 103642, 538.0, 865.0, 62.19653179190752, 381941, 129181
106, 200, 5.0, 5, 0, 68, 104642, 538.0, 865.0, 62.19653179190752, 385626, 129518
107, 200, 5.0, 5, 0, 70, 105647, 541.0, 865.0, 62.543352601156066, 389331, 129855
108, 200, 5.0, 5, 0, 71, 106642, 546.0, 865.0, 63.121387283237, 392996, 130139
109, 200, 5.0, 5, 0, 71, 107657, 546.0, 865.0, 63.121387283237, 396741, 130361
110, 200, 5.0, 5, 0, 71, 108642, 546.0, 865.0, 63.121387283237, 400366, 130665
111, 200, 5.0, 5, 0, 71, 109647, 546.0, 865.0, 63.121387283237, 404066, 130937
112, 200, 5.0, 5, 0, 71, 110642, 547.0, 865.0, 63.23699421965318, 407736, 131197
113, 200, 5.0, 5, 0, 71, 111642, 547.0, 865.0, 63.23699421965318, 411421, 131457
114, 200, 5.0, 5, 0, 71, 112647, 547.0, 865.0, 63.23699421965318, 415126, 131677
115, 200, 5.0, 5, 0, 72, 113642, 548.0, 865.0, 63.35260115606937, 418791, 131918
116, 200, 5.0, 5, 0, 72, 114642, 586.0, 865.0, 67.74566473988439, 422476, 132134
117, 200, 5.0, 5, 0, 73, 115642, 590.0, 865.0, 68.20809248554913, 426161, 132364
118, 200, 5.0, 5, 0, 73, 116642, 591.0, 865.0, 68.32369942196533, 429846, 132648
119, 200, 5.0, 5, 0, 74, 117642, 593.0, 865.0, 68.55491329479769, 433531, 132911
120, 200, 5.0, 5, 0, 74, 118647, 593.0, 865.0, 68.55491329479769, 437226, 133062
121, 200, 5.0, 5, 0, 74, 119642, 593.0, 865.0, 68.55491329479769, 440901, 133265
122, 200, 5.0, 5, 0, 75, 120642, 595.0, 865.0, 68.78612716763006, 444586, 133520
123, 200, 5.0, 5, 0, 76, 121647, 596.0, 865.0, 68.90173410404624, 448296, 133766
124, 200, 5.0, 5, 0, 76, 122647, 596.0, 865.0, 68.90173410404624, 451976, 134003
125, 200, 5.0, 5, 0, 76, 123642, 602.0, 865.0, 69.59537572254335, 455641, 134195
126, 200, 5.0, 5, 0, 77, 124642, 603.0, 865.0, 69.71098265895954, 459326, 134341
127, 200, 5.0, 5, 0, 77, 125642, 603.0, 865.0, 69.71098265895954, 463011, 134588
128, 200, 5.0, 5, 0, 77, 126642, 604.0, 865.0, 69.82658959537572, 466696, 134759
129, 200, 5.0, 5, 0, 78, 127642, 606.0, 865.0, 70.05780346820809, 470381, 134970
130, 200, 5.0, 5, 0, 79, 128642, 609.0, 865.0, 70.40462427745665, 474066, 135129
131, 200, 5.0, 5, 0, 79, 129642, 618.0, 865.0, 71.44508670520231, 477751, 135305
132, 200, 5.0, 5, 0, 81, 130647, 630.0, 865.0, 72.83236994219652, 481461, 135492
133, 200, 5.0, 5, 0, 81, 131642, 630.0, 865.0, 72.83236994219652, 485121, 135633
134, 200, 5.0, 5, 0, 81, 132642, 639.0, 865.0, 73.8728323699422, 488806, 135778
135, 200, 5.0, 5, 0, 82, 133642, 641.0, 865.0, 74.10404624277457, 492491, 135945
136, 200, 5.0, 5, 0, 83, 134642, 645.0, 865.0, 74.56647398843931, 496176, 136086
137, 200, 5.0, 5, 0, 83, 135642, 654.0, 865.0, 75.60693641618496, 499861, 136291
138, 200, 5.0, 5, 0, 84, 136642, 663.0, 865.0, 76.64739884393063, 503546, 136411
139, 200, 5.0, 5, 0, 84, 137642, 664.0, 865.0, 76.76300578034682, 507231, 136507
140, 200, 5.0, 5, 0, 84, 138652, 664.0, 865.0, 76.76300578034682, 510936, 136622
141, 200, 5.0, 5, 0, 84, 139642, 664.0, 865.0, 76.76300578034682, 514601, 136753
142, 200, 5.0, 5, 0, 84, 140642, 664.0, 865.0, 76.76300578034682, 518286, 136877
143, 200, 5.0, 5, 0, 85, 141642, 677.0, 865.0, 78.26589595375722, 521971, 137062
144, 200, 5.0, 5, 0, 85, 142647, 686.0, 865.0, 79.30635838150289, 525666, 137192
145, 200, 5.0, 5, 0, 87, 143642, 708.0, 865.0, 81.84971098265896, 529341, 137313
146, 200, 5.0, 5, 0, 87, 144642, 709.0, 865.0, 81.96531791907515, 533026, 137463
147, 200, 5.0, 5, 0, 87, 145642, 709.0, 865.0, 81.96531791907515, 536711, 137596
148, 200, 5.0, 5, 0, 87, 146647, 709.0, 865.0, 81.96531791907515, 540406, 137680
149, 200, 5.0, 5, 0, 87, 147647, 709.0, 865.0, 81.96531791907515, 544096, 137784
150, 200, 5.0, 5, 0, 88, 148642, 710.0, 865.0, 82.08092485549133, 547766, 137905
151, 200, 5.0, 5, 0, 89, 149642, 720.0, 865.0, 83.23699421965318, 551451, 138032
152, 200, 5.0, 5, 0, 89, 150642, 720.0, 865.0, 83.23699421965318, 555136, 138170
153, 200, 5.0, 5, 0, 89, 151647, 721.0, 865.0, 83.35260115606935, 558846, 138247
154, 200, 5.0, 5, 0, 89, 152642, 721.0, 865.0, 83.35260115606935, 562506, 138336
155, 200, 5.0, 5, 0, 90, 153642, 722.0, 865.0, 83.46820809248555, 566191, 138445
156, 200, 5.0, 5, 0, 90, 154642, 723.0, 865.0, 83.58381502890172, 569876, 138557
157, 200, 5.0, 5, 0, 90, 155642, 723.0, 865.0, 83.58381502890172, 573561, 138624
158, 200, 5.0, 5, 0, 90, 156647, 723.0, 865.0, 83.58381502890172, 577261, 138731
159, 200, 5.0, 5, 0, 91, 157642, 729.0, 865.0, 84.27745664739884, 580931, 138845
160, 200, 5.0, 5, 0, 91, 158642, 729.0, 865.0, 84.27745664739884, 584616, 138943
161, 200, 5.0, 5, 0, 91, 159647, 729.0, 865.0, 84.27745664739884, 588316, 139040
162, 200, 5.0, 5, 0, 91, 160642, 729.0, 865.0, 84.27745664739884, 591986, 139109
163, 200, 5.0, 5, 0, 92, 161652, 732.0, 865.0, 84.6242774566474, 595706, 139211
164, 200, 5.0, 5, 0, 92, 162642, 732.0, 865.0, 84.6242774566474, 599356, 139304
165, 200, 5.0, 5, 0, 92, 163642, 732.0, 865.0, 84.6242774566474, 603041, 139368
166, 200, 5.0, 5, 0, 92, 164647, 732.0, 865.0, 84.6242774566474, 606746, 139450
167, 200, 5.0, 5, 0, 92, 165642, 732.0, 865.0, 84.6242774566474, 610411, 139542
168, 200, 5.0, 5, 0, 92, 166647, 732.0, 865.0, 84.6242774566474, 614116, 139598
169, 200, 5.0, 5, 0, 92, 167647, 732.0, 865.0, 84.6242774566474, 617806, 139694
170, 200, 5.0, 5, 0, 92, 168642, 732.0, 865.0, 84.6242774566474, 621466, 139769
171, 200, 5.0, 5, 0, 92, 169642, 732.0, 865.0, 84.6242774566474, 625151, 139847
172, 200, 5.0, 5, 0, 92, 170642, 732.0, 865.0, 84.6242774566474, 628836, 139896
173, 200, 5.0, 5, 0, 92, 171647, 732.0, 865.0, 84.6242774566474, 632541, 139924
174, 200, 5.0, 5, 0, 92, 172642, 750.0, 865.0, 86.70520231213872, 636206, 140008
175, 200, 5.0, 5, 0, 93, 173647, 751.0, 865.0, 86.82080924855491, 639906, 140116
176, 200, 5.0, 5, 0, 93, 174642, 760.0, 865.0, 87.86127167630057, 643576, 140162
177, 200, 5.0, 5, 0, 93, 175642, 760.0, 865.0, 87.86127167630057, 647261, 140233
178, 200, 5.0, 5, 0, 93, 176647, 760.0, 865.0, 87.86127167630057, 650966, 140286
179, 200, 5.0, 5, 0, 93, 177647, 760.0, 865.0, 87.86127167630057, 654646, 140332
180, 200, 5.0, 5, 0, 94, 178642, 766.0, 865.0, 88.55491329479769, 658316, 140375
181, 200, 5.0, 5, 0, 94, 179657, 766.0, 865.0, 88.55491329479769, 662046, 140428
182, 200, 5.0, 5, 0, 94, 180642, 766.0, 865.0, 88.55491329479769, 665686, 140481
183, 200, 5.0, 5, 0, 94, 181642, 820.0, 865.0, 94.79768786127167, 669371, 140537
184, 200, 5.0, 5, 0, 95, 182642, 836.0, 865.0, 96.64739884393063, 673056, 140592
185, 200, 5.0, 5, 0, 95, 183642, 836.0, 865.0, 96.64739884393063, 676741, 140644
186, 200, 5.0, 5, 0, 95, 184642, 836.0, 865.0, 96.64739884393063, 680426, 140690
187, 200, 5.0, 5, 0, 95, 185642, 836.0, 865.0, 96.64739884393063, 684111, 140727
188, 200, 5.0, 5, 0, 95, 186642, 836.0, 865.0, 96.64739884393063, 687796, 140774
189, 200, 5.0, 5, 0, 95, 187642, 836.0, 865.0, 96.64739884393063, 691481, 140828
190, 200, 5.0, 5, 0, 95, 188642, 836.0, 865.0, 96.64739884393063, 695166, 140875
191, 200, 5.0, 5, 0, 95, 189642, 836.0, 865.0, 96.64739884393063, 698851, 140926
192, 200, 5.0, 5, 0, 95, 190642, 836.0, 865.0, 96.64739884393063, 702536, 140948
193, 200, 5.0, 5, 0, 96, 191642, 837.0, 865.0, 96.76300578034682, 706221, 140991
194, 200, 5.0, 5, 0, 96, 192642, 837.0, 865.0, 96.76300578034682, 709906, 141016
195, 200, 5.0, 5, 0, 96, 193642, 837.0, 865.0, 96.76300578034682, 713591, 141041
196, 200, 5.0, 5, 0, 96, 194642, 837.0, 865.0, 96.76300578034682, 717276, 141078
197, 200, 5.0, 5, 0, 96, 195642, 837.0, 865.0, 96.76300578034682, 720961, 141129
198, 200, 5.0, 5, 0, 96, 196642, 837.0, 865.0, 96.76300578034682, 724646, 141178
199, 200, 5.0, 5, 0, 96, 197647, 837.0, 865.0, 96.76300578034682, 728361, 141207
