


1, 200, 2.05, 0, 0, 0, 0, 0.0, 0.0, 0.0, 0, 0
2, 200, 4.02, 2, 0, 0, 729, 0.0, 1578.0, 0.0, 2031, 1140
3, 200, 4.71, 5, 0, 0, 1655, 0.0, 1578.0, 0.0, 4599, 2270
4, 200, 4.97, 4, 0, 0, 2652, 0.0, 1578.0, 0.0, 7338, 3350
5, 200, 5.0, 5, 0, 0, 3652, 0.0, 1578.0, 0.0, 10088, 4384
6, 200, 5.0, 5, 0, 0, 4642, 0.0, 1578.0, 0.0, 12818, 5459
7, 200, 5.0, 5, 0, 0, 5642, 0.0, 1578.0, 0.0, 15568, 6522
8, 200, 5.0, 5, 0, 0, 6642, 0.0, 1578.0, 0.0, 18318, 7613
9, 200, 5.0, 5, 0, 0, 7647, 0.0, 1578.0, 0.0, 21078, 8691
10, 200, 5.0, 5, 0, 1, 8642, 9.0, 1578.0, 0.5703422053231939, 23818, 9817
11, 200, 5.0, 5, 0, 1, 9642, 18.0, 1578.0, 1.1406844106463878, 26568, 10929
12, 200, 5.0, 5, 0, 1, 10647, 18.0, 1578.0, 1.1406844106463878, 29328, 12050
13, 200, 5.0, 5, 0, 2, 11642, 27.0, 1578.0, 1.7110266159695817, 32068, 13137
14, 200, 5.0, 5, 0, 2, 12642, 36.0, 1578.0, 2.2813688212927756, 34818, 14070
15, 200, 5.0, 5, 0, 3, 13642, 45.0, 1578.0, 2.8517110266159698, 37568, 15071
16, 200, 5.0, 5, 0, 3, 14642, 54.0, 1578.0, 3.4220532319391634, 40318, 16097
17, 200, 5.0, 5, 0, 4, 15642, 72.0, 1578.0, 4.562737642585551, 43068, 17091
18, 200, 5.0, 5, 0, 4, 16642, 72.0, 1578.0, 4.562737642585551, 45818, 17985
19, 200, 5.0, 5, 0, 4, 17642, 72.0, 1578.0, 4.562737642585551, 48568, 18889
20, 200, 5.0, 5, 0, 5, 18642, 90.0, 1578.0, 5.7034220532319395, 51318, 19876
21, 200, 5.0, 5, 0, 6, 19642, 99.0, 1578.0, 6.273764258555133, 54068, 20695
22, 200, 5.0, 5, 0, 8, 20642, 135.0, 1578.0, 8.555133079847907, 56818, 21581
23, 200, 5.0, 5, 0, 9, 21642, 162.0, 1578.0, 10.26615969581749, 59568, 22407
24, 200, 5.0, 5, 0, 11, 22642, 189.0, 1578.0, 11.977186311787072, 62318, 23277
25, 200, 5.0, 5, 0, 13, 23642, 217.0, 1578.0, 13.751584283903675, 65068, 24057
26, 200, 5.0, 5, 0, 13, 24647, 217.0, 1578.0, 13.751584283903675, 67828, 24890
27, 200, 5.0, 5, 0, 14, 25642, 244.0, 1578.0, 15.462610899873258, 70568, 25680
28, 200, 5.0, 5, 0, 15, 26642, 262.0, 1578.0, 16.603295310519645, 73318, 26397
29, 200, 5.0, 5, 0, 17, 27642, 289.0, 1578.0, 18.314321926489228, 76068, 27131
30, 200, 5.0, 5, 0, 18, 28647, 307.0, 1578.0, 19.455006337135615, 78828, 27860
31, 200, 5.0, 5, 0, 21, 29642, 354.0, 1578.0, 22.433460076045627, 81568, 28567
32, 200, 5.0, 5, 0, 21, 30642, 354.0, 1578.0, 22.433460076045627, 84318, 29188
33, 200, 5.0, 5, 0, 22, 31642, 372.0, 1578.0, 23.574144486692013, 87068, 29823
34, 200, 5.0, 5, 0, 24, 32647, 408.0, 1578.0, 25.85551330798479, 89828, 30548
35, 200, 5.0, 5, 0, 25, 33642, 426.0, 1578.0, 26.996197718631176, 92568, 31189
36, 200, 5.0, 5, 0, 27, 34642, 448.0, 1578.0, 28.39036755386565, 95318, 31778
37, 200, 5.0, 5, 0, 28, 35642, 475.0, 1578.0, 30.10139416983523, 98068, 32415
38, 200, 5.0, 5, 0, 30, 36647, 502.0, 1578.0, 31.812420785804818, 100828, 33101
39, 200, 5.0, 5, 0, 30, 37642, 502.0, 1578.0, 31.812420785804818, 103568, 33695
40, 200, 5.0, 5, 0, 30, 38647, 511.0, 1578.0, 32.38276299112801, 106358, 34337
41, 200, 5.0, 5, 0, 30, 39642, 511.0, 1578.0, 32.38276299112801, 109068, 34878
42, 200, 5.0, 5, 0, 31, 40642, 520.0, 1578.0, 32.953105196451205, 111818, 35453
43, 200, 5.0, 5, 0, 31, 41642, 529.0, 1578.0, 33.5234474017744, 114568, 35925
44, 200, 5.0, 5, 0, 32, 42642, 547.0, 1578.0, 34.664131812420784, 117318, 36347
45, 200, 5.0, 5, 0, 32, 43642, 547.0, 1578.0, 34.664131812420784, 120068, 36896
46, 200, 5.0, 5, 0, 32, 44647, 547.0, 1578.0, 34.664131812420784, 122828, 37492
47, 200, 5.0, 5, 0, 32, 45647, 547.0, 1578.0, 34.664131812420784, 125588, 38035
48, 200, 5.0, 5, 0, 32, 46647, 547.0, 1578.0, 34.664131812420784, 128328, 38513
49, 200, 5.0, 5, 0, 33, 47642, 556.0, 1578.0, 35.23447401774398, 131068, 38892
50, 200, 5.0, 5, 0, 33, 48642, 565.0, 1578.0, 35.80481622306718, 133818, 39314
51, 200, 5.0, 5, 0, 33, 49642, 565.0, 1578.0, 35.80481622306718, 136568, 39761
52, 200, 5.0, 5, 0, 34, 50642, 574.0, 1578.0, 36.37515842839037, 139318, 40190
53, 200, 5.0, 5, 0, 35, 51642, 601.0, 1578.0, 38.08618504435995, 142068, 40636
54, 200, 5.0, 5, 0, 37, 52647, 637.0, 1578.0, 40.36755386565273, 144828, 41042
55, 200, 5.0, 5, 0, 39, 53647, 664.0, 1578.0, 42.07858048162231, 147578, 41477
56, 200, 5.0, 5, 0, 39, 54642, 673.0, 1578.0, 42.648922686945504, 150318, 41802
57, 200, 5.0, 5, 0, 40, 55642, 682.0, 1578.0, 43.2192648922687, 153068, 42178
58, 200, 5.0, 5, 0, 41, 56642, 700.0, 1578.0, 44.35994930291508, 155818, 42515
59, 200, 5.0, 5, 0, 42, 57642, 710.0, 1578.0, 44.9936628643853, 158568, 42808
60, 200, 5.0, 5, 0, 43, 58652, 722.0, 1578.0, 45.754119138149555, 161338, 43208
61, 200, 5.0, 5, 0, 45, 59647, 751.0, 1578.0, 47.59188846641318, 164078, 43509
62, 200, 5.0, 5, 0, 45, 60642, 751.0, 1578.0, 47.59188846641318, 166818, 43874
63, 200, 5.0, 5, 0, 45, 61642, 760.0, 1578.0, 48.162230671736374, 169568, 44228
64, 200, 5.0, 5, 0, 47, 62642, 787.0, 1578.0, 49.87325728770596, 172318, 44586
65, 200, 5.0, 5, 0, 48, 63642, 797.0, 1578.0, 50.50697084917617, 175068, 44846
66, 200, 5.0, 5, 0, 48, 64642, 798.0, 1578.0, 50.57034220532319, 177818, 45161
67, 200, 5.0, 5, 0, 49, 65642, 822.0, 1578.0, 52.09125475285171, 180568, 45503
68, 200, 5.0, 5, 0, 50, 66642, 831.0, 1578.0, 52.661596958174904, 183318, 45813
69, 200, 5.0, 5, 0, 50, 67642, 840.0, 1578.0, 53.2319391634981, 186068, 46113
70, 200, 5.0, 5, 0, 51, 68642, 858.0, 1578.0, 54.372623574144484, 188818, 46471
71, 200, 5.0, 5, 0, 51, 69647, 858.0, 1578.0, 54.372623574144484, 191578, 46763
72, 200, 5.0, 5, 0, 53, 70642, 885.0, 1578.0, 56.083650190114064, 194318, 47090
73, 200, 5.0, 5, 0, 53, 71642, 894.0, 1578.0, 56.65399239543726, 197068, 47343
74, 200, 5.0, 5, 0, 54, 72642, 904.0, 1578.0, 57.28770595690747, 199818, 47613
75, 200, 5.0, 5, 0, 54, 73642, 904.0, 1578.0, 57.28770595690747, 202568, 47895
76, 200, 5.0, 5, 0, 55, 74647, 913.0, 1578.0, 57.858048162230666, 205328, 48141
77, 200, 5.0, 5, 0, 56, 75642, 924.0, 1578.0, 58.55513307984791, 208068, 48363
78, 200, 5.0, 5, 0, 58, 76647, 944.0, 1578.0, 59.822560202788345, 210858, 48582
79, 200, 5.0, 5, 0, 59, 77642, 954.0, 1578.0, 60.45627376425855, 213568, 48819
80, 200, 5.0, 5, 0, 59, 78642, 963.0, 1578.0, 61.026615969581755, 216318, 49077
81, 200, 5.0, 5, 0, 59, 79642, 963.0, 1578.0, 61.026615969581755, 219068, 49322
82, 200, 5.0, 5, 0, 61, 80642, 974.0, 1578.0, 61.72370088719899, 221818, 49536
83, 200, 5.0, 5, 0, 62, 81642, 992.0, 1578.0, 62.864385297845374, 224568, 49694
84, 200, 5.0, 5, 0, 63, 82647, 1010.0, 1578.0, 64.00506970849176, 227328, 49894
85, 200, 5.0, 5, 0, 64, 83642, 1037.0, 1578.0, 65.71609632446135, 230068, 50105
86, 200, 5.0, 5, 0, 66, 84647, 1064.0, 1578.0, 67.42712294043093, 232848, 50240
87, 200, 5.0, 5, 0, 67, 85652, 1091.0, 1578.0, 69.1381495564005, 235588, 50462
88, 200, 5.0, 5, 0, 68, 86642, 1092.0, 1578.0, 69.20152091254754, 238318, 50622
89, 200, 5.0, 5, 0, 69, 87647, 1110.0, 1578.0, 70.34220532319392, 241078, 50810
90, 200, 5.0, 5, 0, 69, 88652, 1110.0, 1578.0, 70.34220532319392, 243838, 51018
91, 200, 5.0, 5, 0, 70, 89642, 1125.0, 1578.0, 71.29277566539925, 246568, 51193
92, 200, 5.0, 5, 0, 70, 90642, 1125.0, 1578.0, 71.29277566539925, 249318, 51364
93, 200, 5.0, 5, 0, 71, 91642, 1143.0, 1578.0, 72.43346007604563, 252068, 51501
94, 200, 5.0, 5, 0, 72, 92642, 1161.0, 1578.0, 73.57414448669202, 254818, 51629
95, 200, 5.0, 5, 0, 72, 93642, 1161.0, 1578.0, 73.57414448669202, 257568, 51747
96, 200, 5.0, 5, 0, 72, 94642, 1171.0, 1578.0, 74.20785804816224, 260318, 51915
97, 200, 5.0, 5, 0, 73, 95642, 1184.0, 1578.0, 75.03168567807352, 263068, 52082
98, 200, 5.0, 5, 0, 73, 96642, 1184.0, 1578.0, 75.03168567807352, 265818, 52239
99, 200, 5.0, 5, 0, 74, 97642, 1202.0, 1578.0, 76.1723700887199, 268568, 52344
100, 200, 5.0, 5, 0, 75, 98642, 1211.0, 1578.0, 76.74271229404309, 271318, 52500
101, 200, 5.0, 5, 0, 76, 99642, 1221.0, 1578.0, 77.3764258555133, 274068, 52635
102, 200, 5.0, 5, 0, 77, 100642, 1239.0, 1578.0, 78.51711026615969, 276818, 52751
103, 200, 5.0, 5, 0, 78, 101642, 1260.0, 1578.0, 79.84790874524715, 279568, 52910
104, 200, 5.0, 5, 0, 78, 102642, 1260.0, 1578.0, 79.84790874524715, 282318, 53047
105, 200, 5.0, 5, 0, 78, 103642, 1260.0, 1578.0, 79.84790874524715, 285068, 53155
106, 200, 5.0, 5, 0, 79, 104642, 1264.0, 1578.0, 80.10139416983523, 287818, 53267
107, 200, 5.0, 5, 0, 79, 105647, 1273.0, 1578.0, 80.67173637515843, 290578, 53416
108, 200, 5.0, 5, 0, 79, 106642, 1273.0, 1578.0, 80.67173637515843, 293318, 53525
109, 200, 5.0, 5, 0, 80, 107657, 1291.0, 1578.0, 81.81242078580482, 296118, 53626
110, 200, 5.0, 5, 0, 81, 108642, 1309.0, 1578.0, 82.9531051964512, 298818, 53720
111, 200, 5.0, 5, 0, 82, 109647, 1318.0, 1578.0, 83.5234474017744, 301578, 53793
112, 200, 5.0, 5, 0, 82, 110642, 1318.0, 1578.0, 83.5234474017744, 304318, 53921
113, 200, 5.0, 5, 0, 82, 111642, 1327.0, 1578.0, 84.09378960709759, 307068, 53987
114, 200, 5.0, 5, 0, 82, 112647, 1327.0, 1578.0, 84.09378960709759, 309828, 54080
115, 200, 5.0, 5, 0, 82, 113642, 1327.0, 1578.0, 84.09378960709759, 312568, 54180
116, 200, 5.0, 5, 0, 82, 114642, 1327.0, 1578.0, 84.09378960709759, 315318, 54242
117, 200, 5.0, 5, 0, 82, 115642, 1327.0, 1578.0, 84.09378960709759, 318068, 54328
118, 200, 5.0, 5, 0, 82, 116642, 1327.0, 1578.0, 84.09378960709759, 320818, 54463
119, 200, 5.0, 5, 0, 83, 117642, 1328.0, 1578.0, 84.15716096324462, 323568, 54572
120, 200, 5.0, 5, 0, 83, 118647, 1328.0, 1578.0, 84.15716096324462, 326328, 54654
121, 200, 5.0, 5, 0, 83, 119642, 1328.0, 1578.0, 84.15716096324462, 329068, 54747
122, 200, 5.0, 5, 0, 83, 120642, 1337.0, 1578.0, 84.72750316856781, 331818, 54814
123, 200, 5.0, 5, 0, 83, 121647, 1337.0, 1578.0, 84.72750316856781, 334578, 54931
124, 200, 5.0, 5, 0, 85, 122647, 1348.0, 1578.0, 85.42458808618505, 337353, 55056
125, 200, 5.0, 5, 0, 85, 123642, 1352.0, 1578.0, 85.67807351077313, 340068, 55119
126, 200, 5.0, 5, 0, 85, 124642, 1352.0, 1578.0, 85.67807351077313, 342818, 55197
127, 200, 5.0, 5, 0, 85, 125642, 1352.0, 1578.0, 85.67807351077313, 345568, 55254
128, 200, 5.0, 5, 0, 85, 126642, 1352.0, 1578.0, 85.67807351077313, 348318, 55307
129, 200, 5.0, 5, 0, 86, 127642, 1364.0, 1578.0, 86.4385297845374, 351068, 55374
130, 200, 5.0, 5, 0, 86, 128642, 1364.0, 1578.0, 86.4385297845374, 353818, 55440
131, 200, 5.0, 5, 0, 87, 129642, 1382.0, 1578.0, 87.57921419518378, 356568, 55475
132, 200, 5.0, 5, 0, 88, 130647, 1391.0, 1578.0, 88.14955640050697, 359328, 55537
133, 200, 5.0, 5, 0, 88, 131642, 1391.0, 1578.0, 88.14955640050697, 362068, 55595
134, 200, 5.0, 5, 0, 88, 132642, 1392.0, 1578.0, 88.212927756654, 364818, 55673
135, 200, 5.0, 5, 0, 88, 133642, 1392.0, 1578.0, 88.212927756654, 367568, 55728
136, 200, 5.0, 5, 0, 89, 134642, 1393.0, 1578.0, 88.27629911280101, 370318, 55801
137, 200, 5.0, 5, 0, 89, 135642, 1402.0, 1578.0, 88.84664131812421, 373068, 55884
138, 200, 5.0, 5, 0, 89, 136642, 1402.0, 1578.0, 88.84664131812421, 375818, 55923
139, 200, 5.0, 5, 0, 90, 137642, 1403.0, 1578.0, 88.91001267427123, 378568, 55968
140, 200, 5.0, 5, 0, 90, 138652, 1403.0, 1578.0, 88.91001267427123, 381353, 56019
141, 200, 5.0, 5, 0, 90, 139642, 1403.0, 1578.0, 88.91001267427123, 384068, 56069
142, 200, 5.0, 5, 0, 90, 140642, 1412.0, 1578.0, 89.48035487959443, 386818, 56106
143, 200, 5.0, 5, 0, 90, 141642, 1412.0, 1578.0, 89.48035487959443, 389568, 56174
144, 200, 5.0, 5, 0, 91, 142647, 1421.0, 1578.0, 90.05069708491762, 392343, 56228
145, 200, 5.0, 5, 0, 91, 143642, 1430.0, 1578.0, 90.62103929024082, 395068, 56269
146, 200, 5.0, 5, 0, 92, 144642, 1439.0, 1578.0, 91.191381495564, 397818, 56320
147, 200, 5.0, 5, 0, 92, 145642, 1439.0, 1578.0, 91.191381495564, 400568, 56374
148, 200, 5.0, 5, 0, 92, 146647, 1439.0, 1578.0, 91.191381495564, 403353, 56410
149, 200, 5.0, 5, 0, 92, 147647, 1439.0, 1578.0, 91.191381495564, 406093, 56461
150, 200, 5.0, 5, 0, 92, 148642, 1439.0, 1578.0, 91.191381495564, 408818, 56518
151, 200, 5.0, 5, 0, 92, 149642, 1448.0, 1578.0, 91.7617237008872, 411568, 56559
152, 200, 5.0, 5, 0, 92, 150642, 1448.0, 1578.0, 91.7617237008872, 414318, 56635
153, 200, 5.0, 5, 0, 92, 151647, 1448.0, 1578.0, 91.7617237008872, 417078, 56671
154, 200, 5.0, 5, 0, 93, 152642, 1500.0, 1578.0, 95.05703422053232, 419818, 56748
155, 200, 5.0, 5, 0, 93, 153642, 1500.0, 1578.0, 95.05703422053232, 422568, 56808
156, 200, 5.0, 5, 0, 94, 154642, 1509.0, 1578.0, 95.62737642585552, 425318, 56861
157, 200, 5.0, 5, 0, 94, 155642, 1518.0, 1578.0, 96.1977186311787, 428068, 56891
158, 200, 5.0, 5, 0, 94, 156647, 1518.0, 1578.0, 96.1977186311787, 430828, 56912
159, 200, 5.0, 5, 0, 95, 157642, 1527.0, 1578.0, 96.7680608365019, 433568, 56977
160, 200, 5.0, 5, 0, 95, 158642, 1528.0, 1578.0, 96.83143219264892, 436318, 57024
161, 200, 5.0, 5, 0, 95, 159647, 1528.0, 1578.0, 96.83143219264892, 439078, 57049
162, 200, 5.0, 5, 0, 95, 160642, 1528.0, 1578.0, 96.83143219264892, 441818, 57093
163, 200, 5.0, 5, 0, 95, 161652, 1528.0, 1578.0, 96.83143219264892, 444588, 57161
164, 200, 5.0, 5, 0, 96, 162642, 1529.0, 1578.0, 96.89480354879595, 447318, 57196
165, 200, 5.0, 5, 0, 96, 163642, 1531.0, 1578.0, 97.02154626108998, 450068, 57204
166, 200, 5.0, 5, 0, 97, 164647, 1540.0, 1578.0, 97.59188846641318, 452853, 57228
167, 200, 5.0, 5, 0, 97, 165642, 1541.0, 1578.0, 97.6552598225602, 455568, 57245
168, 200, 5.0, 5, 0, 97, 166647, 1541.0, 1578.0, 97.6552598225602, 458358, 57264
169, 200, 5.0, 5, 0, 97, 167647, 1541.0, 1578.0, 97.6552598225602, 461088, 57309
170, 200, 5.0, 5, 0, 97, 168642, 1541.0, 1578.0, 97.6552598225602, 463818, 57351
171, 200, 5.0, 5, 0, 97, 169642, 1541.0, 1578.0, 97.6552598225602, 466568, 57391
172, 200, 5.0, 5, 0, 97, 170642, 1541.0, 1578.0, 97.6552598225602, 469318, 57417
173, 200, 5.0, 5, 0, 97, 171647, 1541.0, 1578.0, 97.6552598225602, 472078, 57442
174, 200, 5.0, 5, 0, 97, 172642, 1541.0, 1578.0, 97.6552598225602, 474818, 57472
175, 200, 5.0, 5, 0, 97, 173647, 1541.0, 1578.0, 97.6552598225602, 477578, 57499
176, 200, 5.0, 5, 0, 98, 174642, 1550.0, 1578.0, 98.2256020278834, 480318, 57516
177, 200, 5.0, 5, 0, 98, 175642, 1550.0, 1578.0, 98.2256020278834, 483068, 57551
178, 200, 5.0, 5, 0, 98, 176647, 1550.0, 1578.0, 98.2256020278834, 485828, 57575
179, 200, 5.0, 5, 0, 98, 177647, 1550.0, 1578.0, 98.2256020278834, 488578, 57594
180, 200, 5.0, 5, 0, 98, 178642, 1550.0, 1578.0, 98.2256020278834, 491318, 57620
181, 200, 5.0, 5, 0, 98, 179657, 1550.0, 1578.0, 98.2256020278834, 494098, 57636
182, 200, 5.0, 5, 0, 98, 180642, 1550.0, 1578.0, 98.2256020278834, 496818, 57664
183, 200, 5.0, 5, 0, 98, 181642, 1550.0, 1578.0, 98.2256020278834, 499568, 57694
184, 200, 5.0, 5, 0, 98, 182642, 1550.0, 1578.0, 98.2256020278834, 502318, 57719
185, 200, 5.0, 5, 0, 98, 183642, 1550.0, 1578.0, 98.2256020278834, 505068, 57733
186, 200, 5.0, 5, 0, 98, 184642, 1550.0, 1578.0, 98.2256020278834, 507818, 57739
187, 200, 5.0, 5, 0, 98, 185642, 1550.0, 1578.0, 98.2256020278834, 510568, 57752
188, 200, 5.0, 5, 0, 98, 186642, 1550.0, 1578.0, 98.2256020278834, 513318, 57774
189, 200, 5.0, 5, 0, 98, 187642, 1550.0, 1578.0, 98.2256020278834, 516068, 57804
190, 200, 5.0, 5, 0, 98, 188642, 1550.0, 1578.0, 98.2256020278834, 518818, 57822
191, 200, 5.0, 5, 0, 98, 189642, 1550.0, 1578.0, 98.2256020278834, 521568, 57831
192, 200, 5.0, 5, 0, 98, 190642, 1550.0, 1578.0, 98.2256020278834, 524318, 57833
193, 200, 5.0, 5, 0, 98, 191642, 1550.0, 1578.0, 98.2256020278834, 527068, 57849
194, 200, 5.0, 5, 0, 98, 192642, 1550.0, 1578.0, 98.2256020278834, 529818, 57860
195, 200, 5.0, 5, 0, 98, 193642, 1550.0, 1578.0, 98.2256020278834, 532568, 57868
196, 200, 5.0, 5, 0, 98, 194642, 1559.0, 1578.0, 98.79594423320658, 535318, 57900
197, 200, 5.0, 5, 0, 98, 195642, 1559.0, 1578.0, 98.79594423320658, 538068, 57932
198, 200, 5.0, 5, 0, 98, 196642, 1559.0, 1578.0, 98.79594423320658, 540818, 57938
199, 200, 5.0, 5, 0, 98, 197647, 1559.0, 1578.0, 98.79594423320658, 543578, 57942
