


1, 200, 50, 2.595, 0, 0, 0, 6, 0.0, 1174.0, 0.0, 0, 0.0, 0, 0.035, 0
2, 200, 50, 6.505, 6, 0, 0, 1085, 0.0, 1174.0, 0.0, 94357, 471.0, 0, 14.37, 0
3, 200, 50, 8.965, 10, 0, 1, 1713, 18.0, 1174.0, 1.5332197614991483, 222912, 1114.0, 1, 66.03, 0
4, 200, 50, 9.65, 10, 0, 34, 1923, 603.0, 1174.0, 51.36286201022146, 1042643, 5213.0, 5, 94.01, 0
5, 200, 50, 9.905, 10, 0, 50, 1976, 900.0, 1174.0, 76.66098807495742, 523807, 2619.0, 11, 106.86, 0
6, 200, 50, 9.985, 10, 0, 50, 1997, 900.0, 1174.0, 76.66098807495742, 1006389, 5031.0, 17, 112.32, 0
7, 200, 50, 9.99, 10, 0, 50, 1998, 900.0, 1174.0, 76.66098807495742, 2232884, 11164.0, 27, 115.6, 12
8, 200, 50, 9.995, 10, 0, 50, 1889, 912.0, 1174.0, 77.68313458262351, 576635, 2883.0, 32, 118.535, 88
9, 200, 50, 10.0, 10, 0, 50, 1120, 914.0, 1174.0, 77.8534923339012, 1039688, 5198.0, 38, 120.92, 100
10, 200, 50, 10.0, 10, 0, 51, 1000, 917.0, 1174.0, 78.10902896081771, 1311310, 6556.0, 43, 123.315, 100
11, 200, 50, 10.0, 10, 0, 52, 1000, 919.0, 1174.0, 78.2793867120954, 1391614, 6958.0, 45, 125.605, 100
12, 200, 50, 10.0, 10, 0, 54, 1000, 927.0, 1174.0, 78.96081771720614, 1219368, 6096.0, 48, 127.695, 100
13, 200, 50, 10.0, 10, 0, 58, 1000, 953.0, 1174.0, 81.17546848381602, 1319731, 6598.0, 49, 129.985, 100
14, 200, 50, 10.0, 10, 0, 60, 1000, 967.0, 1174.0, 82.3679727427598, 1211117, 6055.0, 53, 132.12, 100
15, 200, 50, 10.0, 10, 0, 62, 1000, 995.0, 1174.0, 84.75298126064736, 50791, 253.0, 54, 134.2, 100
16, 200, 50, 10.0, 10, 0, 66, 1000, 1012.0, 1174.0, 86.20102214650767, 891236, 4456.0, 57, 136.085, 100
17, 200, 50, 10.0, 10, 0, 71, 1000, 1031.0, 1174.0, 87.81942078364565, 511997, 2559.0, 59, 137.965, 100
18, 200, 50, 10.0, 10, 0, 74, 1000, 1042.0, 1174.0, 88.75638841567292, 779488, 3897.0, 59, 139.88, 100
19, 200, 50, 10.0, 10, 0, 77, 1000, 1053.0, 1174.0, 89.69335604770016, 737204, 3686.0, 62, 141.585, 100
20, 200, 50, 10.0, 10, 0, 81, 1000, 1100.0, 1174.0, 93.69676320272572, 715319, 3576.0, 64, 143.365, 100
21, 200, 50, 10.0, 10, 0, 83, 1000, 1109.0, 1174.0, 94.4633730834753, 79784, 398.0, 64, 145.045, 100
22, 200, 50, 10.0, 10, 0, 87, 1000, 1130.0, 1174.0, 96.25212947189097, 602993, 3014.0, 68, 146.585, 100
23, 200, 50, 10.0, 10, 0, 88, 1000, 1138.0, 1174.0, 96.9335604770017, 143440, 717.0, 69, 148.15, 100
24, 200, 50, 10.0, 10, 0, 89, 1000, 1143.0, 1174.0, 97.35945485519592, 414276, 2071.0, 72, 149.765, 100
25, 200, 50, 10.0, 10, 0, 90, 1000, 1149.0, 1174.0, 97.87052810902897, 201174, 1005.0, 72, 151.32, 100
26, 200, 50, 10.0, 10, 0, 92, 1000, 1153.0, 1174.0, 98.21124361158434, 650, 3.0, 72, 152.845, 100
27, 200, 50, 10.0, 10, 0, 92, 1000, 1153.0, 1174.0, 98.21124361158434, 0, 0.0, 72, 154.385, 100
28, 200, 50, 10.0, 10, 0, 93, 1000, 1155.0, 1174.0, 98.38160136286201, 6748, 33.0, 72, 155.65, 100
29, 200, 50, 10.0, 10, 0, 94, 1000, 1162.0, 1174.0, 98.9778534923339, 7558, 37.0, 74, 157.05, 100
30, 200, 50, 10.0, 10, 0, 95, 1000, 1163.0, 1174.0, 99.06303236797275, 4800, 24.0, 74, 158.475, 100
31, 200, 50, 10.0, 10, 0, 96, 1000, 1165.0, 1174.0, 99.23339011925043, 640, 3.0, 74, 159.705, 100
32, 200, 50, 10.0, 10, 0, 96, 1000, 1165.0, 1174.0, 99.23339011925043, 0, 0.0, 74, 160.89, 100
33, 200, 50, 10.0, 10, 0, 97, 1000, 1167.0, 1174.0, 99.40374787052811, 401655, 2008.0, 74, 162.13, 100
34, 200, 50, 10.0, 10, 0, 97, 1000, 1167.0, 1174.0, 99.40374787052811, 4198, 20.0, 74, 163.34, 100
35, 200, 50, 10.0, 10, 0, 97, 1000, 1167.0, 1174.0, 99.40374787052811, 0, 0.0, 74, 164.515, 100
36, 200, 50, 10.0, 10, 0, 97, 1000, 1167.0, 1174.0, 99.40374787052811, 4, 0.0, 74, 165.56, 100
37, 200, 50, 10.0, 10, 0, 97, 1000, 1168.0, 1174.0, 99.48892674616695, 5, 0.0, 74, 166.625, 100
38, 200, 50, 10.0, 10, 0, 97, 1000, 1168.0, 1174.0, 99.48892674616695, 0, 0.0, 74, 167.555, 100
39, 200, 50, 10.0, 10, 0, 97, 1000, 1168.0, 1174.0, 99.48892674616695, 2740, 13.0, 74, 168.675, 100
40, 200, 50, 10.0, 10, 0, 97, 1000, 1168.0, 1174.0, 99.48892674616695, 0, 0.0, 74, 169.63, 100
41, 200, 50, 10.0, 10, 0, 97, 1000, 1168.0, 1174.0, 99.48892674616695, 0, 0.0, 74, 170.375, 100
42, 200, 50, 10.0, 10, 0, 98, 1000, 1169.0, 1174.0, 99.5741056218058, 1, 0.0, 74, 171.345, 100
43, 200, 50, 10.0, 10, 0, 98, 1000, 1169.0, 1174.0, 99.5741056218058, 1, 0.0, 74, 172.225, 100
44, 200, 50, 10.0, 10, 0, 98, 1000, 1169.0, 1174.0, 99.5741056218058, 1, 0.0, 74, 173.135, 100
45, 200, 50, 10.0, 10, 0, 98, 1000, 1169.0, 1174.0, 99.5741056218058, 0, 0.0, 74, 173.89, 100
46, 200, 50, 10.0, 10, 0, 98, 1000, 1170.0, 1174.0, 99.65928449744463, 4204, 21.0, 74, 174.66, 100
47, 200, 50, 10.0, 10, 0, 98, 1000, 1170.0, 1174.0, 99.65928449744463, 0, 0.0, 74, 175.46, 100
48, 200, 50, 10.0, 10, 0, 98, 1000, 1170.0, 1174.0, 99.65928449744463, 0, 0.0, 74, 176.165, 100
49, 200, 50, 10.0, 10, 0, 98, 1000, 1170.0, 1174.0, 99.65928449744463, 0, 0.0, 74, 176.925, 100
50, 200, 50, 10.0, 10, 0, 98, 1000, 1170.0, 1174.0, 99.65928449744463, 0, 0.0, 74, 177.66, 100
51, 200, 50, 10.0, 10, 0, 98, 1000, 1170.0, 1174.0, 99.65928449744463, 0, 0.0, 74, 178.365, 100
52, 200, 50, 10.0, 10, 0, 98, 1000, 1170.0, 1174.0, 99.65928449744463, 0, 0.0, 74, 179.06, 100
53, 200, 50, 10.0, 10, 0, 99, 1000, 1171.0, 1174.0, 99.74446337308348, 212, 1.0, 74, 179.68, 100
54, 200, 50, 10.0, 10, 0, 99, 1000, 1171.0, 1174.0, 99.74446337308348, 0, 0.0, 74, 180.335, 100
55, 200, 50, 10.0, 10, 0, 99, 1000, 1171.0, 1174.0, 99.74446337308348, 0, 0.0, 74, 180.92, 100
56, 200, 50, 10.0, 10, 0, 99, 1000, 1171.0, 1174.0, 99.74446337308348, 0, 0.0, 74, 181.445, 100
57, 200, 50, 10.0, 10, 0, 99, 1000, 1171.0, 1174.0, 99.74446337308348, 0, 0.0, 74, 182.02, 100
58, 200, 50, 10.0, 10, 0, 99, 1000, 1171.0, 1174.0, 99.74446337308348, 0, 0.0, 74, 182.5, 100
59, 200, 50, 10.0, 10, 0, 99, 1000, 1171.0, 1174.0, 99.74446337308348, 0, 0.0, 74, 183.135, 100
60, 200, 50, 10.0, 10, 0, 99, 1000, 1171.0, 1174.0, 99.74446337308348, 0, 0.0, 74, 183.66, 100
61, 200, 50, 10.0, 10, 0, 99, 1000, 1171.0, 1174.0, 99.74446337308348, 0, 0.0, 74, 184.125, 100
62, 200, 50, 10.0, 10, 0, 99, 1000, 1171.0, 1174.0, 99.74446337308348, 0, 0.0, 74, 184.62, 100
63, 200, 50, 10.0, 10, 0, 99, 1000, 1171.0, 1174.0, 99.74446337308348, 0, 0.0, 74, 185.085, 100
64, 200, 50, 10.0, 10, 0, 99, 1000, 1171.0, 1174.0, 99.74446337308348, 0, 0.0, 74, 185.56, 100
65, 200, 50, 10.0, 10, 0, 99, 1000, 1171.0, 1174.0, 99.74446337308348, 0, 0.0, 74, 185.96, 100
66, 200, 50, 10.0, 10, 0, 99, 1000, 1171.0, 1174.0, 99.74446337308348, 0, 0.0, 74, 186.36, 100
67, 200, 50, 10.0, 10, 0, 99, 1000, 1171.0, 1174.0, 99.74446337308348, 4, 0.0, 74, 186.725, 100
68, 200, 50, 10.0, 10, 0, 99, 1000, 1171.0, 1174.0, 99.74446337308348, 0, 0.0, 74, 187.155, 100
69, 200, 50, 10.0, 10, 0, 99, 1000, 1171.0, 1174.0, 99.74446337308348, 0, 0.0, 74, 187.6, 100
70, 200, 50, 10.0, 10, 0, 99, 1000, 1171.0, 1174.0, 99.74446337308348, 0, 0.0, 74, 187.98, 100
71, 200, 50, 10.0, 10, 0, 99, 1000, 1171.0, 1174.0, 99.74446337308348, 1959, 9.0, 74, 188.345, 100
72, 200, 50, 10.0, 10, 0, 99, 1000, 1171.0, 1174.0, 99.74446337308348, 0, 0.0, 74, 188.705, 100
73, 200, 50, 10.0, 10, 0, 99, 1000, 1171.0, 1174.0, 99.74446337308348, 0, 0.0, 74, 189.08, 100
74, 200, 50, 10.0, 10, 0, 99, 1000, 1171.0, 1174.0, 99.74446337308348, 0, 0.0, 74, 189.425, 100
75, 200, 50, 10.0, 10, 0, 99, 1000, 1171.0, 1174.0, 99.74446337308348, 0, 0.0, 74, 189.765, 100
76, 200, 50, 10.0, 10, 0, 99, 1000, 1171.0, 1174.0, 99.74446337308348, 0, 0.0, 74, 190.05, 100
77, 200, 50, 10.0, 10, 0, 99, 1000, 1172.0, 1174.0, 99.82964224872232, 1, 0.0, 74, 190.4, 100
78, 200, 50, 10.0, 10, 0, 99, 1000, 1172.0, 1174.0, 99.82964224872232, 0, 0.0, 74, 190.755, 100
79, 200, 50, 10.0, 10, 0, 99, 1000, 1172.0, 1174.0, 99.82964224872232, 0, 0.0, 74, 191.065, 100
80, 200, 50, 10.0, 10, 0, 99, 1000, 1172.0, 1174.0, 99.82964224872232, 0, 0.0, 74, 191.355, 100
81, 200, 50, 10.0, 10, 0, 99, 1000, 1172.0, 1174.0, 99.82964224872232, 0, 0.0, 74, 191.575, 100
82, 200, 50, 10.0, 10, 0, 99, 1000, 1172.0, 1174.0, 99.82964224872232, 0, 0.0, 74, 191.89, 100
83, 200, 50, 10.0, 10, 0, 99, 1000, 1172.0, 1174.0, 99.82964224872232, 0, 0.0, 74, 192.135, 100
84, 200, 50, 10.0, 10, 0, 99, 1000, 1172.0, 1174.0, 99.82964224872232, 0, 0.0, 74, 192.365, 100
85, 200, 50, 10.0, 10, 0, 99, 1000, 1172.0, 1174.0, 99.82964224872232, 0, 0.0, 74, 192.59, 100
86, 200, 50, 10.0, 10, 0, 99, 1000, 1172.0, 1174.0, 99.82964224872232, 0, 0.0, 74, 192.82, 100
87, 200, 50, 10.0, 10, 0, 99, 1000, 1172.0, 1174.0, 99.82964224872232, 0, 0.0, 74, 193.01, 100
88, 200, 50, 10.0, 10, 0, 99, 1000, 1172.0, 1174.0, 99.82964224872232, 0, 0.0, 74, 193.215, 100
89, 200, 50, 10.0, 10, 0, 99, 1000, 1172.0, 1174.0, 99.82964224872232, 0, 0.0, 74, 193.45, 100
90, 200, 50, 10.0, 10, 0, 99, 1000, 1172.0, 1174.0, 99.82964224872232, 0, 0.0, 74, 193.7, 100
91, 200, 50, 10.0, 10, 0, 99, 1000, 1172.0, 1174.0, 99.82964224872232, 0, 0.0, 74, 193.92, 100
92, 200, 50, 10.0, 10, 0, 99, 1000, 1172.0, 1174.0, 99.82964224872232, 0, 0.0, 74, 194.105, 100
93, 200, 50, 10.0, 10, 0, 99, 1000, 1172.0, 1174.0, 99.82964224872232, 0, 0.0, 74, 194.32, 100
94, 200, 50, 10.0, 10, 0, 99, 1000, 1172.0, 1174.0, 99.82964224872232, 0, 0.0, 74, 194.495, 100
95, 200, 50, 10.0, 10, 0, 99, 1000, 1172.0, 1174.0, 99.82964224872232, 0, 0.0, 74, 194.625, 100
96, 200, 50, 10.0, 10, 0, 99, 1000, 1172.0, 1174.0, 99.82964224872232, 0, 0.0, 74, 194.83, 100
97, 200, 50, 10.0, 10, 0, 99, 1000, 1172.0, 1174.0, 99.82964224872232, 0, 0.0, 74, 195.02, 100
98, 200, 50, 10.0, 10, 0, 99, 1000, 1172.0, 1174.0, 99.82964224872232, 0, 0.0, 74, 195.18, 100
99, 200, 50, 10.0, 10, 0, 99, 1000, 1172.0, 1174.0, 99.82964224872232, 0, 0.0, 74, 195.33, 100
100, 200, 50, 10.0, 10, 0, 99, 1000, 1172.0, 1174.0, 99.82964224872232, 0, 0.0, 74, 195.435, 100
101, 200, 50, 10.0, 10, 0, 99, 1000, 1172.0, 1174.0, 99.82964224872232, 0, 0.0, 74, 195.51, 100
102, 200, 50, 10.0, 10, 0, 99, 1000, 1172.0, 1174.0, 99.82964224872232, 0, 0.0, 74, 195.7, 100
103, 200, 50, 10.0, 10, 0, 99, 1000, 1172.0, 1174.0, 99.82964224872232, 0, 0.0, 74, 195.815, 100
104, 200, 50, 10.0, 10, 0, 99, 1000, 1172.0, 1174.0, 99.82964224872232, 0, 0.0, 74, 195.94, 100
105, 200, 50, 10.0, 10, 0, 99, 1000, 1172.0, 1174.0, 99.82964224872232, 0, 0.0, 74, 196.055, 100
106, 200, 50, 10.0, 10, 0, 99, 1000, 1172.0, 1174.0, 99.82964224872232, 0, 0.0, 74, 196.18, 100
107, 200, 50, 10.0, 10, 0, 99, 1000, 1172.0, 1174.0, 99.82964224872232, 0, 0.0, 74, 196.275, 100
108, 200, 50, 10.0, 10, 0, 99, 1000, 1172.0, 1174.0, 99.82964224872232, 0, 0.0, 74, 196.39, 101
109, 200, 50, 10.0, 10, 0, 99, 990, 1172.0, 1174.0, 99.82964224872232, 0, 0.0, 74, 196.48, 101
110, 200, 50, 10.0, 10, 0, 99, 990, 1172.0, 1174.0, 99.82964224872232, 0, 0.0, 74, 196.59, 101
111, 200, 50, 10.0, 10, 0, 99, 990, 1172.0, 1174.0, 99.82964224872232, 0, 0.0, 74, 196.68, 101
112, 200, 50, 10.0, 10, 0, 99, 990, 1172.0, 1174.0, 99.82964224872232, 0, 0.0, 74, 196.805, 101
113, 200, 50, 10.0, 10, 0, 99, 990, 1172.0, 1174.0, 99.82964224872232, 0, 0.0, 74, 196.885, 101
114, 200, 50, 10.0, 10, 0, 100, 990, 1174.0, 1174.0, 100.0, 1, 0.0, 74, 197.005, 101
115, 200, 50, 10.0, 10, 0, 100, 990, 1174.0, 1174.0, 100.0, 0, 0.0, 74, 197.11, 101
116, 200, 50, 10.0, 10, 0, 100, 990, 1174.0, 1174.0, 100.0, 0, 0.0, 74, 197.175, 101
117, 200, 50, 10.0, 10, 0, 100, 990, 1174.0, 1174.0, 100.0, 0, 0.0, 74, 197.235, 101
118, 200, 50, 10.0, 10, 0, 100, 990, 1174.0, 1174.0, 100.0, 0, 0.0, 74, 197.33, 101
119, 200, 50, 10.0, 10, 0, 100, 990, 1174.0, 1174.0, 100.0, 0, 0.0, 74, 197.42, 101
120, 200, 50, 10.0, 10, 0, 100, 990, 1174.0, 1174.0, 100.0, 0, 0.0, 74, 197.505, 101
121, 200, 50, 10.0, 10, 0, 100, 990, 1174.0, 1174.0, 100.0, 0, 0.0, 74, 197.6, 101
122, 200, 50, 10.0, 10, 0, 100, 990, 1174.0, 1174.0, 100.0, 0, 0.0, 74, 197.695, 101
123, 200, 50, 10.0, 10, 0, 100, 990, 1174.0, 1174.0, 100.0, 0, 0.0, 74, 197.75, 101
124, 200, 50, 10.0, 10, 0, 100, 990, 1174.0, 1174.0, 100.0, 0, 0.0, 74, 197.845, 101
125, 200, 50, 10.0, 10, 0, 100, 990, 1174.0, 1174.0, 100.0, 0, 0.0, 74, 197.89, 101
126, 200, 50, 10.0, 10, 0, 100, 990, 1174.0, 1174.0, 100.0, 0, 0.0, 74, 197.96, 101
127, 200, 50, 10.0, 10, 0, 100, 990, 1174.0, 1174.0, 100.0, 0, 0.0, 74, 198.015, 101
128, 200, 50, 10.0, 10, 0, 100, 990, 1174.0, 1174.0, 100.0, 0, 0.0, 74, 198.085, 101
129, 200, 50, 10.0, 10, 0, 100, 990, 1174.0, 1174.0, 100.0, 0, 0.0, 74, 198.155, 101
130, 200, 50, 10.0, 10, 0, 100, 990, 1174.0, 1174.0, 100.0, 0, 0.0, 74, 198.22, 101
131, 200, 50, 10.0, 10, 0, 100, 990, 1174.0, 1174.0, 100.0, 0, 0.0, 74, 198.24, 101
132, 200, 50, 10.0, 10, 0, 100, 990, 1174.0, 1174.0, 100.0, 0, 0.0, 74, 198.28, 101
133, 200, 50, 10.0, 10, 0, 100, 990, 1174.0, 1174.0, 100.0, 0, 0.0, 74, 198.34, 101
134, 200, 50, 10.0, 10, 0, 100, 990, 1174.0, 1174.0, 100.0, 0, 0.0, 74, 198.4, 102
135, 200, 50, 10.0, 10, 0, 100, 980, 1174.0, 1174.0, 100.0, 0, 0.0, 74, 198.445, 102
136, 200, 50, 10.0, 10, 0, 100, 980, 1174.0, 1174.0, 100.0, 0, 0.0, 74, 198.505, 103
137, 200, 50, 10.0, 10, 0, 100, 970, 1174.0, 1174.0, 100.0, 0, 0.0, 74, 198.55, 103
138, 200, 50, 10.0, 10, 0, 100, 970, 1174.0, 1174.0, 100.0, 0, 0.0, 74, 198.6, 104
139, 200, 50, 10.0, 10, 0, 100, 960, 1174.0, 1174.0, 100.0, 0, 0.0, 74, 198.655, 104
140, 200, 50, 10.0, 10, 0, 100, 960, 1174.0, 1174.0, 100.0, 0, 0.0, 74, 198.69, 104
141, 200, 50, 10.0, 10, 0, 100, 960, 1174.0, 1174.0, 100.0, 0, 0.0, 74, 198.745, 104
142, 200, 50, 10.0, 10, 0, 100, 960, 1174.0, 1174.0, 100.0, 0, 0.0, 74, 198.81, 104
143, 200, 50, 10.0, 10, 0, 100, 960, 1174.0, 1174.0, 100.0, 0, 0.0, 74, 198.845, 104
144, 200, 50, 10.0, 10, 0, 100, 960, 1174.0, 1174.0, 100.0, 0, 0.0, 74, 198.88, 107
145, 200, 50, 10.0, 10, 0, 100, 930, 1174.0, 1174.0, 100.0, 0, 0.0, 74, 198.9, 107
146, 200, 50, 10.0, 10, 0, 100, 930, 1174.0, 1174.0, 100.0, 0, 0.0, 74, 198.945, 107
147, 200, 50, 10.0, 10, 0, 100, 930, 1174.0, 1174.0, 100.0, 0, 0.0, 74, 198.985, 108
148, 200, 50, 10.0, 10, 0, 100, 920, 1174.0, 1174.0, 100.0, 0, 0.0, 74, 199.025, 109
149, 200, 50, 10.0, 10, 0, 100, 910, 1174.0, 1174.0, 100.0, 0, 0.0, 74, 199.05, 110
150, 200, 50, 10.0, 10, 0, 100, 900, 1174.0, 1174.0, 100.0, 0, 0.0, 74, 199.065, 111
151, 200, 50, 10.0, 10, 0, 100, 890, 1174.0, 1174.0, 100.0, 0, 0.0, 74, 199.115, 112
152, 200, 50, 10.0, 10, 0, 100, 880, 1174.0, 1174.0, 100.0, 0, 0.0, 74, 199.15, 112
153, 200, 50, 10.0, 10, 0, 100, 880, 1174.0, 1174.0, 100.0, 0, 0.0, 74, 199.195, 115
154, 200, 50, 10.0, 10, 0, 100, 850, 1174.0, 1174.0, 100.0, 0, 0.0, 74, 199.24, 119
155, 200, 50, 10.0, 10, 0, 100, 810, 1174.0, 1174.0, 100.0, 0, 0.0, 74, 199.265, 119
156, 200, 50, 10.0, 10, 0, 100, 810, 1174.0, 1174.0, 100.0, 0, 0.0, 74, 199.27, 119
157, 200, 50, 10.0, 10, 0, 100, 810, 1174.0, 1174.0, 100.0, 0, 0.0, 74, 199.3, 121
158, 200, 50, 10.0, 10, 0, 100, 790, 1174.0, 1174.0, 100.0, 0, 0.0, 74, 199.325, 122
159, 200, 50, 10.0, 10, 0, 100, 780, 1174.0, 1174.0, 100.0, 0, 0.0, 74, 199.34, 124
160, 200, 50, 10.0, 10, 0, 100, 760, 1174.0, 1174.0, 100.0, 0, 0.0, 74, 199.36, 124
161, 200, 50, 10.0, 10, 0, 100, 760, 1174.0, 1174.0, 100.0, 0, 0.0, 74, 199.375, 127
162, 200, 50, 10.0, 10, 0, 100, 730, 1174.0, 1174.0, 100.0, 0, 0.0, 74, 199.385, 127
163, 200, 50, 10.0, 10, 0, 100, 730, 1174.0, 1174.0, 100.0, 0, 0.0, 74, 199.405, 129
164, 200, 50, 10.0, 10, 0, 100, 710, 1174.0, 1174.0, 100.0, 0, 0.0, 74, 199.425, 130
165, 200, 50, 10.0, 10, 0, 100, 700, 1174.0, 1174.0, 100.0, 0, 0.0, 74, 199.46, 132
166, 200, 50, 10.0, 10, 0, 100, 680, 1174.0, 1174.0, 100.0, 0, 0.0, 74, 199.475, 135
167, 200, 50, 10.0, 10, 0, 100, 650, 1174.0, 1174.0, 100.0, 0, 0.0, 74, 199.49, 136
168, 200, 50, 10.0, 10, 0, 100, 640, 1174.0, 1174.0, 100.0, 0, 0.0, 74, 199.505, 137
169, 200, 50, 10.0, 10, 0, 100, 630, 1174.0, 1174.0, 100.0, 0, 0.0, 74, 199.51, 138
170, 200, 50, 10.0, 10, 0, 100, 620, 1174.0, 1174.0, 100.0, 0, 0.0, 74, 199.515, 138
171, 200, 50, 10.0, 10, 0, 100, 620, 1174.0, 1174.0, 100.0, 0, 0.0, 74, 199.53, 139
172, 200, 50, 10.0, 10, 0, 100, 610, 1174.0, 1174.0, 100.0, 0, 0.0, 74, 199.535, 140
173, 200, 50, 10.0, 10, 0, 100, 600, 1174.0, 1174.0, 100.0, 0, 0.0, 74, 199.545, 140
174, 200, 50, 10.0, 10, 0, 100, 600, 1174.0, 1174.0, 100.0, 0, 0.0, 74, 199.56, 143
175, 200, 50, 10.0, 10, 0, 100, 570, 1174.0, 1174.0, 100.0, 0, 0.0, 74, 199.575, 145
176, 200, 50, 10.0, 10, 0, 100, 550, 1174.0, 1174.0, 100.0, 0, 0.0, 74, 199.59, 145
177, 200, 50, 10.0, 10, 0, 100, 550, 1174.0, 1174.0, 100.0, 0, 0.0, 74, 199.59, 145
178, 200, 50, 10.0, 10, 0, 100, 550, 1174.0, 1174.0, 100.0, 0, 0.0, 74, 199.59, 145
179, 200, 50, 10.0, 10, 0, 100, 550, 1174.0, 1174.0, 100.0, 0, 0.0, 74, 199.6, 146
180, 200, 50, 10.0, 10, 0, 100, 540, 1174.0, 1174.0, 100.0, 0, 0.0, 74, 199.605, 147
181, 200, 50, 10.0, 10, 0, 100, 530, 1174.0, 1174.0, 100.0, 0, 0.0, 74, 199.625, 148
182, 200, 50, 10.0, 10, 0, 100, 520, 1174.0, 1174.0, 100.0, 0, 0.0, 74, 199.64, 148
183, 200, 50, 10.0, 10, 0, 100, 520, 1174.0, 1174.0, 100.0, 0, 0.0, 74, 199.65, 149
184, 200, 50, 10.0, 10, 0, 100, 510, 1174.0, 1174.0, 100.0, 0, 0.0, 74, 199.655, 150
185, 200, 50, 10.0, 10, 0, 100, 500, 1174.0, 1174.0, 100.0, 0, 0.0, 74, 199.67, 151
186, 200, 50, 10.0, 10, 0, 100, 490, 1174.0, 1174.0, 100.0, 0, 0.0, 74, 199.69, 151
187, 200, 50, 10.0, 10, 0, 100, 490, 1174.0, 1174.0, 100.0, 0, 0.0, 74, 199.69, 151
188, 200, 50, 10.0, 10, 0, 100, 490, 1174.0, 1174.0, 100.0, 0, 0.0, 74, 199.71, 152
189, 200, 50, 10.0, 10, 0, 100, 480, 1174.0, 1174.0, 100.0, 0, 0.0, 74, 199.715, 152
190, 200, 50, 10.0, 10, 0, 100, 480, 1174.0, 1174.0, 100.0, 0, 0.0, 74, 199.72, 153
191, 200, 50, 10.0, 10, 0, 100, 470, 1174.0, 1174.0, 100.0, 0, 0.0, 74, 199.725, 154
192, 200, 50, 10.0, 10, 0, 100, 460, 1174.0, 1174.0, 100.0, 0, 0.0, 74, 199.735, 156
193, 200, 50, 10.0, 10, 0, 100, 440, 1174.0, 1174.0, 100.0, 0, 0.0, 74, 199.74, 157
194, 200, 50, 10.0, 10, 0, 100, 430, 1174.0, 1174.0, 100.0, 0, 0.0, 74, 199.745, 157
195, 200, 50, 10.0, 10, 0, 100, 430, 1174.0, 1174.0, 100.0, 0, 0.0, 74, 199.755, 158
196, 200, 50, 10.0, 10, 0, 100, 420, 1174.0, 1174.0, 100.0, 0, 0.0, 74, 199.76, 158
197, 200, 50, 10.0, 10, 0, 100, 420, 1174.0, 1174.0, 100.0, 0, 0.0, 74, 199.76, 158
198, 200, 50, 10.0, 10, 0, 100, 420, 1174.0, 1174.0, 100.0, 0, 0.0, 74, 199.765, 159
199, 200, 50, 10.0, 10, 0, 100, 410, 1174.0, 1174.0, 100.0, 0, 0.0, 74, 199.78, 161
200, 200, 50, 10.0, 10, 0, 100, 390, 1174.0, 1174.0, 100.0, 0, 0.0, 74, 199.785, 162
201, 200, 50, 10.0, 10, 0, 100, 380, 1174.0, 1174.0, 100.0, 0, 0.0, 74, 199.79, 163
202, 200, 50, 10.0, 10, 0, 100, 370, 1174.0, 1174.0, 100.0, 0, 0.0, 74, 199.795, 164
203, 200, 50, 10.0, 10, 0, 100, 360, 1174.0, 1174.0, 100.0, 0, 0.0, 74, 199.805, 164
204, 200, 50, 10.0, 10, 0, 100, 360, 1174.0, 1174.0, 100.0, 0, 0.0, 74, 199.815, 166
205, 200, 50, 10.0, 10, 0, 100, 340, 1174.0, 1174.0, 100.0, 0, 0.0, 74, 199.815, 166
206, 200, 50, 10.0, 10, 0, 100, 340, 1174.0, 1174.0, 100.0, 0, 0.0, 74, 199.82, 167
207, 200, 50, 10.0, 10, 0, 100, 330, 1174.0, 1174.0, 100.0, 0, 0.0, 74, 199.83, 168
208, 200, 50, 10.0, 10, 0, 100, 320, 1174.0, 1174.0, 100.0, 0, 0.0, 74, 199.83, 168
209, 200, 50, 10.0, 10, 0, 100, 320, 1174.0, 1174.0, 100.0, 0, 0.0, 74, 199.845, 170
210, 200, 50, 10.0, 10, 0, 100, 300, 1174.0, 1174.0, 100.0, 0, 0.0, 74, 199.855, 172
211, 200, 50, 10.0, 10, 0, 100, 280, 1174.0, 1174.0, 100.0, 0, 0.0, 74, 199.86, 172
212, 200, 50, 10.0, 10, 0, 100, 280, 1174.0, 1174.0, 100.0, 0, 0.0, 74, 199.87, 174
213, 200, 50, 10.0, 10, 0, 100, 260, 1174.0, 1174.0, 100.0, 0, 0.0, 74, 199.87, 174
214, 200, 50, 10.0, 10, 0, 100, 260, 1174.0, 1174.0, 100.0, 0, 0.0, 74, 199.875, 175
215, 200, 50, 10.0, 10, 0, 100, 250, 1174.0, 1174.0, 100.0, 0, 0.0, 74, 199.885, 177
216, 200, 50, 10.0, 10, 0, 100, 230, 1174.0, 1174.0, 100.0, 0, 0.0, 74, 199.885, 177
217, 200, 50, 10.0, 10, 0, 100, 230, 1174.0, 1174.0, 100.0, 0, 0.0, 74, 199.885, 177
218, 200, 50, 10.0, 10, 0, 100, 230, 1174.0, 1174.0, 100.0, 0, 0.0, 74, 199.89, 178
219, 200, 50, 10.0, 10, 0, 100, 220, 1174.0, 1174.0, 100.0, 0, 0.0, 74, 199.89, 178
220, 200, 50, 10.0, 10, 0, 100, 220, 1174.0, 1174.0, 100.0, 0, 0.0, 74, 199.905, 181
221, 200, 50, 10.0, 10, 0, 100, 190, 1174.0, 1174.0, 100.0, 0, 0.0, 74, 199.905, 181
222, 200, 50, 10.0, 10, 0, 100, 190, 1174.0, 1174.0, 100.0, 0, 0.0, 74, 199.915, 183
223, 200, 50, 10.0, 10, 0, 100, 170, 1174.0, 1174.0, 100.0, 0, 0.0, 74, 199.92, 184
224, 200, 50, 10.0, 10, 0, 100, 160, 1174.0, 1174.0, 100.0, 0, 0.0, 74, 199.92, 184
225, 200, 50, 10.0, 10, 0, 100, 160, 1174.0, 1174.0, 100.0, 0, 0.0, 74, 199.92, 184
226, 200, 50, 10.0, 10, 0, 100, 160, 1174.0, 1174.0, 100.0, 0, 0.0, 74, 199.92, 184
227, 200, 50, 10.0, 10, 0, 100, 160, 1174.0, 1174.0, 100.0, 0, 0.0, 74, 199.92, 184
228, 200, 50, 10.0, 10, 0, 100, 160, 1174.0, 1174.0, 100.0, 0, 0.0, 74, 199.925, 185
229, 200, 50, 10.0, 10, 0, 100, 150, 1174.0, 1174.0, 100.0, 0, 0.0, 74, 199.925, 185
230, 200, 50, 10.0, 10, 0, 100, 150, 1174.0, 1174.0, 100.0, 0, 0.0, 74, 199.925, 185
231, 200, 50, 10.0, 10, 0, 100, 150, 1174.0, 1174.0, 100.0, 0, 0.0, 74, 199.925, 185
232, 200, 50, 10.0, 10, 0, 100, 150, 1174.0, 1174.0, 100.0, 0, 0.0, 74, 199.93, 186
233, 200, 50, 10.0, 10, 0, 100, 140, 1174.0, 1174.0, 100.0, 0, 0.0, 74, 199.93, 186
234, 200, 50, 10.0, 10, 0, 100, 140, 1174.0, 1174.0, 100.0, 0, 0.0, 74, 199.94, 188
235, 200, 50, 10.0, 10, 0, 100, 120, 1174.0, 1174.0, 100.0, 0, 0.0, 74, 199.94, 188
236, 200, 50, 10.0, 10, 0, 100, 120, 1174.0, 1174.0, 100.0, 0, 0.0, 74, 199.94, 188
237, 200, 50, 10.0, 10, 0, 100, 120, 1174.0, 1174.0, 100.0, 0, 0.0, 74, 199.94, 188
238, 200, 50, 10.0, 10, 0, 100, 120, 1174.0, 1174.0, 100.0, 0, 0.0, 74, 199.94, 188
239, 200, 50, 10.0, 10, 0, 100, 120, 1174.0, 1174.0, 100.0, 0, 0.0, 74, 199.94, 188
240, 200, 50, 10.0, 10, 0, 100, 120, 1174.0, 1174.0, 100.0, 0, 0.0, 74, 199.945, 189
241, 200, 50, 10.0, 10, 0, 100, 110, 1174.0, 1174.0, 100.0, 0, 0.0, 74, 199.945, 189
242, 200, 50, 10.0, 10, 0, 100, 110, 1174.0, 1174.0, 100.0, 0, 0.0, 74, 199.95, 190
243, 200, 50, 10.0, 10, 0, 100, 100, 1174.0, 1174.0, 100.0, 0, 0.0, 74, 199.955, 191
244, 200, 50, 10.0, 10, 0, 100, 90, 1174.0, 1174.0, 100.0, 0, 0.0, 74, 199.955, 191
245, 200, 50, 10.0, 10, 0, 100, 90, 1174.0, 1174.0, 100.0, 0, 0.0, 74, 199.96, 192
246, 200, 50, 10.0, 10, 0, 100, 80, 1174.0, 1174.0, 100.0, 0, 0.0, 74, 199.96, 192
247, 200, 50, 10.0, 10, 0, 100, 80, 1174.0, 1174.0, 100.0, 0, 0.0, 74, 199.96, 192
248, 200, 50, 10.0, 10, 0, 100, 80, 1174.0, 1174.0, 100.0, 0, 0.0, 74, 199.96, 192
249, 200, 50, 10.0, 10, 0, 100, 80, 1174.0, 1174.0, 100.0, 0, 0.0, 74, 199.96, 192
250, 200, 50, 10.0, 10, 0, 100, 80, 1174.0, 1174.0, 100.0, 0, 0.0, 74, 199.96, 192
251, 200, 50, 10.0, 10, 0, 100, 80, 1174.0, 1174.0, 100.0, 0, 0.0, 74, 199.96, 192
252, 200, 50, 10.0, 10, 0, 100, 80, 1174.0, 1174.0, 100.0, 0, 0.0, 74, 199.96, 192
253, 200, 50, 10.0, 10, 0, 100, 80, 1174.0, 1174.0, 100.0, 0, 0.0, 74, 199.96, 192
254, 200, 50, 10.0, 10, 0, 100, 80, 1174.0, 1174.0, 100.0, 0, 0.0, 74, 199.96, 192
255, 200, 50, 10.0, 10, 0, 100, 80, 1174.0, 1174.0, 100.0, 0, 0.0, 74, 199.96, 192
256, 200, 50, 10.0, 10, 0, 100, 80, 1174.0, 1174.0, 100.0, 0, 0.0, 74, 199.96, 192
257, 200, 50, 10.0, 10, 0, 100, 80, 1174.0, 1174.0, 100.0, 0, 0.0, 74, 199.965, 193
258, 200, 50, 10.0, 10, 0, 100, 70, 1174.0, 1174.0, 100.0, 0, 0.0, 74, 199.97, 194
259, 200, 50, 10.0, 10, 0, 100, 60, 1174.0, 1174.0, 100.0, 0, 0.0, 74, 199.97, 194
260, 200, 50, 10.0, 10, 0, 100, 60, 1174.0, 1174.0, 100.0, 0, 0.0, 74, 199.97, 194
261, 200, 50, 10.0, 10, 0, 100, 60, 1174.0, 1174.0, 100.0, 0, 0.0, 74, 199.97, 194
262, 200, 50, 10.0, 10, 0, 100, 60, 1174.0, 1174.0, 100.0, 0, 0.0, 74, 199.97, 194
263, 200, 50, 10.0, 10, 0, 100, 60, 1174.0, 1174.0, 100.0, 0, 0.0, 74, 199.97, 194
264, 200, 50, 10.0, 10, 0, 100, 60, 1174.0, 1174.0, 100.0, 0, 0.0, 74, 199.975, 195
265, 200, 50, 10.0, 10, 0, 100, 50, 1174.0, 1174.0, 100.0, 0, 0.0, 74, 199.975, 195
266, 200, 50, 10.0, 10, 0, 100, 50, 1174.0, 1174.0, 100.0, 0, 0.0, 74, 199.975, 195
267, 200, 50, 10.0, 10, 0, 100, 50, 1174.0, 1174.0, 100.0, 0, 0.0, 74, 199.975, 195
268, 200, 50, 10.0, 10, 0, 100, 50, 1174.0, 1174.0, 100.0, 0, 0.0, 74, 199.98, 196
269, 200, 50, 10.0, 10, 0, 100, 40, 1174.0, 1174.0, 100.0, 0, 0.0, 74, 199.98, 196
270, 200, 50, 10.0, 10, 0, 100, 40, 1174.0, 1174.0, 100.0, 0, 0.0, 74, 199.98, 196
271, 200, 50, 10.0, 10, 0, 100, 40, 1174.0, 1174.0, 100.0, 0, 0.0, 74, 199.98, 196
272, 200, 50, 10.0, 10, 0, 100, 40, 1174.0, 1174.0, 100.0, 0, 0.0, 74, 199.98, 196
273, 200, 50, 10.0, 10, 0, 100, 40, 1174.0, 1174.0, 100.0, 0, 0.0, 74, 199.98, 196
274, 200, 50, 10.0, 10, 0, 100, 40, 1174.0, 1174.0, 100.0, 0, 0.0, 74, 199.98, 196
275, 200, 50, 10.0, 10, 0, 100, 40, 1174.0, 1174.0, 100.0, 0, 0.0, 74, 199.98, 196
276, 200, 50, 10.0, 10, 0, 100, 40, 1174.0, 1174.0, 100.0, 0, 0.0, 74, 199.98, 196
277, 200, 50, 10.0, 10, 0, 100, 40, 1174.0, 1174.0, 100.0, 0, 0.0, 74, 199.985, 197
278, 200, 50, 10.0, 10, 0, 100, 30, 1174.0, 1174.0, 100.0, 0, 0.0, 74, 199.985, 197
279, 200, 50, 10.0, 10, 0, 100, 30, 1174.0, 1174.0, 100.0, 0, 0.0, 74, 199.985, 197
280, 200, 50, 10.0, 10, 0, 100, 30, 1174.0, 1174.0, 100.0, 0, 0.0, 74, 199.985, 197
281, 200, 50, 10.0, 10, 0, 100, 30, 1174.0, 1174.0, 100.0, 0, 0.0, 74, 199.985, 197
282, 200, 50, 10.0, 10, 0, 100, 30, 1174.0, 1174.0, 100.0, 0, 0.0, 74, 199.985, 197
283, 200, 50, 10.0, 10, 0, 100, 30, 1174.0, 1174.0, 100.0, 0, 0.0, 74, 199.985, 197
284, 200, 50, 10.0, 10, 0, 100, 30, 1174.0, 1174.0, 100.0, 0, 0.0, 74, 199.985, 197
285, 200, 50, 10.0, 10, 0, 100, 30, 1174.0, 1174.0, 100.0, 0, 0.0, 74, 199.985, 197
286, 200, 50, 10.0, 10, 0, 100, 30, 1174.0, 1174.0, 100.0, 0, 0.0, 74, 199.985, 197
287, 200, 50, 10.0, 10, 0, 100, 30, 1174.0, 1174.0, 100.0, 0, 0.0, 74, 199.985, 197
288, 200, 50, 10.0, 10, 0, 100, 30, 1174.0, 1174.0, 100.0, 0, 0.0, 74, 199.985, 197
289, 200, 50, 10.0, 10, 0, 100, 30, 1174.0, 1174.0, 100.0, 0, 0.0, 74, 199.985, 197
290, 200, 50, 10.0, 10, 0, 100, 30, 1174.0, 1174.0, 100.0, 0, 0.0, 74, 199.985, 197
291, 200, 50, 10.0, 10, 0, 100, 30, 1174.0, 1174.0, 100.0, 0, 0.0, 74, 199.985, 197
292, 200, 50, 10.0, 10, 0, 100, 30, 1174.0, 1174.0, 100.0, 0, 0.0, 74, 199.985, 197
293, 200, 50, 10.0, 10, 0, 100, 30, 1174.0, 1174.0, 100.0, 0, 0.0, 74, 199.985, 197
294, 200, 50, 10.0, 10, 0, 100, 30, 1174.0, 1174.0, 100.0, 0, 0.0, 74, 199.985, 197
295, 200, 50, 10.0, 10, 0, 100, 30, 1174.0, 1174.0, 100.0, 0, 0.0, 74, 199.985, 197
296, 200, 50, 10.0, 10, 0, 100, 30, 1174.0, 1174.0, 100.0, 0, 0.0, 74, 199.985, 197
297, 200, 50, 10.0, 10, 0, 100, 30, 1174.0, 1174.0, 100.0, 0, 0.0, 74, 199.985, 197
298, 200, 50, 10.0, 10, 0, 100, 30, 1174.0, 1174.0, 100.0, 0, 0.0, 74, 199.985, 197
299, 200, 50, 10.0, 10, 0, 100, 30, 1174.0, 1174.0, 100.0, 0, 0.0, 74, 199.985, 197
300, 200, 50, 10.0, 10, 0, 100, 30, 1174.0, 1174.0, 100.0, 0, 0.0, 74, 199.985, 197
301, 200, 50, 10.0, 10, 0, 100, 30, 1174.0, 1174.0, 100.0, 0, 0.0, 74, 199.99, 198
302, 200, 50, 10.0, 10, 0, 100, 20, 1174.0, 1174.0, 100.0, 0, 0.0, 74, 199.99, 198
303, 200, 50, 10.0, 10, 0, 100, 20, 1174.0, 1174.0, 100.0, 0, 0.0, 74, 199.99, 198
304, 200, 50, 10.0, 10, 0, 100, 20, 1174.0, 1174.0, 100.0, 0, 0.0, 74, 199.99, 198
305, 200, 50, 10.0, 10, 0, 100, 20, 1174.0, 1174.0, 100.0, 0, 0.0, 74, 199.99, 198
306, 200, 50, 10.0, 10, 0, 100, 20, 1174.0, 1174.0, 100.0, 0, 0.0, 74, 199.99, 198
307, 200, 50, 10.0, 10, 0, 100, 20, 1174.0, 1174.0, 100.0, 0, 0.0, 74, 199.99, 198
308, 200, 50, 10.0, 10, 0, 100, 20, 1174.0, 1174.0, 100.0, 0, 0.0, 74, 199.995, 199
309, 200, 50, 10.0, 10, 0, 100, 10, 1174.0, 1174.0, 100.0, 0, 0.0, 74, 199.995, 199
310, 200, 50, 10.0, 10, 0, 100, 10, 1174.0, 1174.0, 100.0, 0, 0.0, 74, 199.995, 199
311, 200, 50, 10.0, 10, 0, 100, 10, 1174.0, 1174.0, 100.0, 0, 0.0, 74, 199.995, 199
312, 200, 50, 10.0, 10, 0, 100, 10, 1174.0, 1174.0, 100.0, 0, 0.0, 74, 199.995, 199
313, 200, 50, 10.0, 10, 0, 100, 10, 1174.0, 1174.0, 100.0, 0, 0.0, 74, 199.995, 199
314, 200, 50, 10.0, 10, 0, 100, 10, 1174.0, 1174.0, 100.0, 0, 0.0, 74, 199.995, 199
315, 200, 50, 10.0, 10, 0, 100, 10, 1174.0, 1174.0, 100.0, 0, 0.0, 74, 199.995, 199
316, 200, 50, 10.0, 10, 0, 100, 10, 1174.0, 1174.0, 100.0, 0, 0.0, 74, 199.995, 199
317, 200, 50, 10.0, 10, 0, 100, 10, 1174.0, 1174.0, 100.0, 0, 0.0, 74, 199.995, 199
318, 200, 50, 10.0, 10, 0, 100, 10, 1174.0, 1174.0, 100.0, 0, 0.0, 74, 199.995, 199
319, 200, 50, 10.0, 10, 0, 100, 10, 1174.0, 1174.0, 100.0, 0, 0.0, 74, 199.995, 199
320, 200, 50, 10.0, 10, 0, 100, 10, 1174.0, 1174.0, 100.0, 0, 0.0, 74, 200.0, 200
