


1, 200, 2.05, 0, 0, 0, 0, 0.0, 0.0, 0.0, 0, 0
2, 200, 4.01, 2, 5, 0, 1533, 0.0, 722.0, 0.0, 985223, 0
3, 200, 4.835, 5, 5, 0, 1935, 0.0, 722.0, 0.0, 1547011, 0
4, 200, 4.995, 5, 5, 0, 1995, 0.0, 722.0, 0.0, 797769, 0
5, 200, 5.0, 5, 5, 0, 2000, 0.0, 722.0, 0.0, 982536, 0
6, 200, 5.0, 5, 5, 1, 2000, 14.0, 722.0, 1.9390581717451523, 1227848, 0
7, 200, 5.0, 5, 5, 1, 2000, 14.0, 722.0, 1.9390581717451523, 995457, 0
8, 200, 5.0, 5, 5, 1, 2000, 14.0, 722.0, 1.9390581717451523, 1512299, 0
9, 200, 5.0, 5, 5, 2, 2000, 18.0, 722.0, 2.4930747922437675, 671887, 0
10, 200, 5.0, 5, 5, 2, 2000, 20.0, 722.0, 2.7700831024930745, 1625355, 0
11, 200, 5.0, 5, 5, 4, 2000, 39.0, 722.0, 5.401662049861495, 2259807, 0
12, 200, 5.0, 5, 5, 4, 2000, 40.0, 722.0, 5.540166204986149, 942813, 0
13, 200, 5.0, 5, 5, 5, 2000, 41.0, 722.0, 5.678670360110803, 1623992, 0
14, 200, 5.0, 5, 5, 5, 2000, 43.0, 722.0, 5.955678670360111, 798795, 0
15, 200, 5.0, 5, 5, 6, 2000, 46.0, 722.0, 6.3711911357340725, 1205457, 0
16, 200, 5.0, 5, 5, 7, 2000, 52.0, 722.0, 7.202216066481995, 1466412, 0
17, 200, 5.0, 5, 5, 8, 2000, 61.0, 722.0, 8.448753462603879, 1529610, 0
18, 200, 5.0, 5, 5, 9, 2000, 72.0, 722.0, 9.97229916897507, 1219061, 0
19, 200, 5.0, 5, 5, 10, 2000, 82.0, 722.0, 11.357340720221606, 152631, 0
20, 200, 5.0, 5, 5, 12, 2000, 103.0, 722.0, 14.265927977839334, 1289374, 0
21, 200, 5.0, 5, 5, 13, 2000, 104.0, 722.0, 14.40443213296399, 1264131, 0
22, 200, 5.0, 5, 5, 14, 2000, 106.0, 722.0, 14.681440443213297, 1156966, 0
23, 200, 5.0, 5, 5, 14, 2000, 107.0, 722.0, 14.81994459833795, 1264959, 0
24, 200, 5.0, 5, 5, 16, 2000, 113.0, 722.0, 15.650969529085874, 359225, 0
25, 200, 5.0, 5, 5, 16, 2000, 114.0, 722.0, 15.789473684210526, 872750, 0
26, 200, 5.0, 5, 5, 19, 2000, 133.0, 722.0, 18.421052631578945, 160285, 0
27, 200, 5.0, 5, 5, 21, 2000, 162.0, 722.0, 22.437673130193904, 1283878, 0
28, 200, 5.0, 5, 5, 22, 2000, 166.0, 722.0, 22.99168975069252, 892261, 0
29, 200, 5.0, 5, 5, 24, 2000, 175.0, 722.0, 24.238227146814403, 617984, 0
30, 200, 5.0, 5, 5, 26, 2000, 179.0, 722.0, 24.792243767313018, 1202531, 0
31, 200, 5.0, 5, 5, 29, 2000, 196.0, 722.0, 27.146814404432135, 1230763, 0
32, 200, 5.0, 5, 5, 31, 2000, 202.0, 722.0, 27.977839335180054, 1276831, 0
33, 200, 5.0, 5, 5, 31, 2000, 203.0, 722.0, 28.116343490304708, 1190114, 0
34, 200, 5.0, 5, 5, 33, 2000, 213.0, 722.0, 29.50138504155125, 1510690, 0
35, 200, 5.0, 5, 5, 35, 2000, 225.0, 722.0, 31.163434903047094, 1370942, 0
36, 200, 5.0, 5, 5, 37, 2000, 240.0, 722.0, 33.2409972299169, 1397294, 0
37, 200, 5.0, 5, 5, 39, 2000, 246.0, 722.0, 34.07202216066482, 1162685, 0
38, 200, 5.0, 5, 5, 40, 2000, 247.0, 722.0, 34.21052631578947, 898673, 0
39, 200, 5.0, 5, 5, 41, 2000, 252.0, 722.0, 34.903047091412745, 1012759, 0
40, 200, 5.0, 5, 5, 42, 2000, 254.0, 722.0, 35.18005540166205, 1473804, 0
41, 200, 5.0, 5, 5, 43, 2000, 258.0, 722.0, 35.73407202216066, 1469798, 0
42, 200, 5.0, 5, 5, 44, 2000, 262.0, 722.0, 36.288088642659275, 714009, 0
43, 200, 5.0, 5, 5, 46, 2000, 270.0, 722.0, 37.396121883656505, 1511904, 0
44, 200, 5.0, 5, 5, 47, 2000, 272.0, 722.0, 37.67313019390582, 1027016, 0
45, 200, 5.0, 5, 5, 47, 2000, 272.0, 722.0, 37.67313019390582, 2059123, 0
46, 200, 5.0, 5, 5, 49, 2000, 294.0, 722.0, 40.7202216066482, 1751954, 0
47, 200, 5.0, 5, 5, 50, 2000, 296.0, 722.0, 40.99722991689751, 918905, 0
48, 200, 5.0, 5, 5, 51, 2000, 334.0, 722.0, 46.26038781163435, 1439026, 0
49, 200, 5.0, 5, 5, 51, 2000, 335.0, 722.0, 46.398891966759, 1471781, 0
50, 200, 5.0, 5, 5, 53, 2000, 342.0, 722.0, 47.368421052631575, 1683277, 0
51, 200, 5.0, 5, 5, 55, 2000, 350.0, 722.0, 48.476454293628805, 1421641, 0
52, 200, 5.0, 5, 5, 56, 2000, 352.0, 722.0, 48.75346260387812, 1868265, 0
53, 200, 5.0, 5, 5, 57, 2000, 354.0, 722.0, 49.03047091412742, 1418526, 0
54, 200, 5.0, 5, 5, 59, 2000, 374.0, 722.0, 51.8005540166205, 2142496, 0
55, 200, 5.0, 5, 5, 61, 2000, 386.0, 722.0, 53.46260387811634, 660338, 0
56, 200, 5.0, 5, 5, 62, 2000, 432.0, 722.0, 59.83379501385041, 1839191, 0
57, 200, 5.0, 5, 5, 63, 2000, 443.0, 722.0, 61.35734072022161, 547368, 0
58, 200, 5.0, 5, 5, 65, 2000, 447.0, 722.0, 61.911357340720215, 1321690, 0
59, 200, 5.0, 5, 5, 66, 2000, 452.0, 722.0, 62.603878116343495, 1762156, 0
60, 200, 5.0, 5, 5, 67, 2000, 466.0, 722.0, 64.54293628808865, 546847, 0
61, 200, 5.0, 5, 5, 70, 2000, 474.0, 722.0, 65.65096952908587, 1059675, 0
