


1, 200, 2.05, 0, 0, 0, 0, 0.0, 0.0, 0.0, 0, 0
2, 200, 4.02, 2, 0, 0, 729, 0.0, 1112.0, 0.0, 69805, 0
3, 200, 4.71, 5, 0, 0, 926, 0.0, 1112.0, 0.0, 307653, 0
4, 200, 4.97, 4, 0, 0, 989, 0.0, 1112.0, 0.0, 108296, 0
5, 200, 5.0, 5, 0, 0, 998, 0.0, 1112.0, 0.0, 486323, 0
6, 200, 5.0, 5, 0, 0, 1000, 0.0, 1112.0, 0.0, 343417, 0
7, 200, 5.0, 5, 0, 0, 1000, 0.0, 1112.0, 0.0, 93537, 0
8, 200, 5.0, 5, 0, 0, 1000, 0.0, 1112.0, 0.0, 27410, 0
9, 200, 5.0, 5, 0, 0, 1000, 0.0, 1112.0, 0.0, 279976, 0
10, 200, 5.0, 5, 0, 1, 1000, 9.0, 1112.0, 0.8093525179856115, 277367, 0
11, 200, 5.0, 5, 0, 1, 1000, 9.0, 1112.0, 0.8093525179856115, 659940, 0
12, 200, 5.0, 5, 0, 1, 1000, 18.0, 1112.0, 1.618705035971223, 481674, 0
13, 200, 5.0, 5, 0, 2, 1000, 19.0, 1112.0, 1.70863309352518, 1341814, 0
14, 200, 5.0, 5, 0, 2, 1000, 19.0, 1112.0, 1.70863309352518, 288942, 0
15, 200, 5.0, 5, 0, 2, 1000, 19.0, 1112.0, 1.70863309352518, 517782, 0
16, 200, 5.0, 5, 0, 3, 1000, 38.0, 1112.0, 3.41726618705036, 461301, 0
17, 200, 5.0, 5, 0, 4, 1000, 47.0, 1112.0, 4.226618705035971, 830078, 0
18, 200, 5.0, 5, 0, 4, 1000, 47.0, 1112.0, 4.226618705035971, 916190, 0
19, 200, 5.0, 5, 0, 4, 1000, 47.0, 1112.0, 4.226618705035971, 80406, 0
20, 200, 5.0, 5, 0, 5, 1000, 58.0, 1112.0, 5.215827338129497, 735572, 0
21, 200, 5.0, 5, 0, 5, 1000, 58.0, 1112.0, 5.215827338129497, 251787, 0
22, 200, 5.0, 5, 0, 7, 1000, 86.0, 1112.0, 7.7338129496402885, 524730, 0
23, 200, 5.0, 5, 0, 7, 1000, 95.0, 1112.0, 8.543165467625899, 458123, 0
24, 200, 5.0, 5, 0, 9, 1000, 114.0, 1112.0, 10.251798561151078, 500087, 0
25, 200, 5.0, 5, 0, 10, 1000, 116.0, 1112.0, 10.431654676258994, 334598, 0
26, 200, 5.0, 5, 0, 10, 1000, 116.0, 1112.0, 10.431654676258994, 1072473, 0
27, 200, 5.0, 5, 0, 10, 1000, 125.0, 1112.0, 11.241007194244604, 944698, 0
28, 200, 5.0, 5, 0, 12, 1000, 144.0, 1112.0, 12.949640287769784, 292792, 0
29, 200, 5.0, 5, 0, 13, 1000, 171.0, 1112.0, 15.377697841726617, 247035, 0
30, 200, 5.0, 5, 0, 13, 1000, 172.0, 1112.0, 15.467625899280577, 903805, 0
31, 200, 5.0, 5, 0, 15, 1000, 199.0, 1112.0, 17.89568345323741, 664013, 0
32, 200, 5.0, 5, 0, 15, 1000, 208.0, 1112.0, 18.705035971223023, 203132, 0
33, 200, 5.0, 5, 0, 16, 1000, 219.0, 1112.0, 19.694244604316545, 721597, 0
34, 200, 5.0, 5, 0, 18, 1000, 247.0, 1112.0, 22.21223021582734, 827306, 0
35, 200, 5.0, 5, 0, 18, 1000, 247.0, 1112.0, 22.21223021582734, 741879, 0
36, 200, 5.0, 5, 0, 19, 1000, 257.0, 1112.0, 23.111510791366907, 405490, 0
37, 200, 5.0, 5, 0, 20, 1000, 266.0, 1112.0, 23.92086330935252, 459006, 0
38, 200, 5.0, 5, 0, 20, 1000, 266.0, 1112.0, 23.92086330935252, 488950, 0
39, 200, 5.0, 5, 0, 21, 1000, 268.0, 1112.0, 24.100719424460433, 888167, 0
40, 200, 5.0, 5, 0, 22, 1000, 279.0, 1112.0, 25.089928057553955, 789590, 0
41, 200, 5.0, 5, 0, 22, 1000, 281.0, 1112.0, 25.26978417266187, 52379, 0
42, 200, 5.0, 5, 0, 23, 1000, 282.0, 1112.0, 25.359712230215827, 1794432, 0
43, 200, 5.0, 5, 0, 24, 1000, 285.0, 1112.0, 25.6294964028777, 714261, 0
44, 200, 5.0, 5, 0, 25, 1000, 303.0, 1112.0, 27.248201438848923, 484252, 0
45, 200, 5.0, 5, 0, 26, 1000, 305.0, 1112.0, 27.428057553956837, 751242, 0
46, 200, 5.0, 5, 0, 26, 1000, 306.0, 1112.0, 27.51798561151079, 203821, 0
47, 200, 5.0, 5, 0, 26, 1000, 306.0, 1112.0, 27.51798561151079, 635662, 0
48, 200, 5.0, 5, 0, 27, 1000, 319.0, 1112.0, 28.68705035971223, 373735, 0
49, 200, 5.0, 5, 0, 28, 1000, 323.0, 1112.0, 29.04676258992806, 1620061, 0
50, 200, 5.0, 5, 0, 29, 1000, 333.0, 1112.0, 29.94604316546763, 254188, 0
51, 200, 5.0, 5, 0, 29, 1000, 336.0, 1112.0, 30.215827338129497, 278548, 0
52, 200, 5.0, 5, 0, 30, 1000, 345.0, 1112.0, 31.02517985611511, 274809, 0
53, 200, 5.0, 5, 0, 31, 1000, 347.0, 1112.0, 31.205035971223023, 356950, 0
54, 200, 5.0, 5, 0, 31, 1000, 349.0, 1112.0, 31.384892086330936, 256198, 0
55, 200, 5.0, 5, 0, 32, 1000, 367.0, 1112.0, 33.00359712230216, 488579, 0
56, 200, 5.0, 5, 0, 32, 1000, 367.0, 1112.0, 33.00359712230216, 427951, 0
57, 200, 5.0, 5, 0, 32, 1000, 367.0, 1112.0, 33.00359712230216, 459644, 0
58, 200, 5.0, 5, 0, 33, 1000, 368.0, 1112.0, 33.093525179856115, 481719, 0
59, 200, 5.0, 5, 0, 35, 1000, 381.0, 1112.0, 34.26258992805755, 488755, 0
60, 200, 5.0, 5, 0, 37, 1000, 394.0, 1112.0, 35.431654676258994, 404916, 0
61, 200, 5.0, 5, 0, 38, 1000, 397.0, 1112.0, 35.701438848920866, 372364, 0
62, 200, 5.0, 5, 0, 39, 1000, 404.0, 1112.0, 36.330935251798564, 532580, 0
63, 200, 5.0, 5, 0, 39, 1000, 405.0, 1112.0, 36.42086330935252, 489461, 0
64, 200, 5.0, 5, 0, 41, 1000, 437.0, 1112.0, 39.298561151079134, 528894, 0
65, 200, 5.0, 5, 0, 42, 1000, 446.0, 1112.0, 40.10791366906475, 247731, 0
66, 200, 5.0, 5, 0, 42, 1000, 455.0, 1112.0, 40.91726618705036, 685082, 0
67, 200, 5.0, 5, 0, 44, 1000, 468.0, 1112.0, 42.086330935251794, 693900, 0
68, 200, 5.0, 5, 0, 44, 1000, 469.0, 1112.0, 42.17625899280576, 595342, 0
69, 200, 5.0, 5, 0, 45, 1000, 478.0, 1112.0, 42.985611510791365, 1021711, 0
70, 200, 5.0, 5, 0, 47, 1000, 499.0, 1112.0, 44.87410071942446, 582590, 0
71, 200, 5.0, 5, 0, 48, 1000, 553.0, 1112.0, 49.73021582733813, 507276, 0
72, 200, 5.0, 5, 0, 49, 1000, 572.0, 1112.0, 51.438848920863315, 103899, 0
73, 200, 5.0, 5, 0, 49, 1000, 572.0, 1112.0, 51.438848920863315, 462968, 0
74, 200, 5.0, 5, 0, 50, 1000, 614.0, 1112.0, 55.2158273381295, 161269, 0
75, 200, 5.0, 5, 0, 50, 1000, 615.0, 1112.0, 55.305755395683455, 665780, 0
76, 200, 5.0, 5, 0, 51, 1000, 618.0, 1112.0, 55.57553956834532, 362950, 0
77, 200, 5.0, 5, 0, 52, 1000, 628.0, 1112.0, 56.4748201438849, 778579, 0
78, 200, 5.0, 5, 0, 52, 1000, 637.0, 1112.0, 57.2841726618705, 461848, 0
79, 200, 5.0, 5, 0, 53, 1000, 647.0, 1112.0, 58.18345323741008, 513091, 0
80, 200, 5.0, 5, 0, 54, 1000, 659.0, 1112.0, 59.26258992805755, 494205, 0
81, 200, 5.0, 5, 0, 55, 1000, 661.0, 1112.0, 59.44244604316546, 846157, 0
82, 200, 5.0, 5, 0, 55, 1000, 661.0, 1112.0, 59.44244604316546, 1075069, 0
83, 200, 5.0, 5, 0, 56, 1000, 670.0, 1112.0, 60.251798561151084, 500712, 0
84, 200, 5.0, 5, 0, 57, 1000, 682.0, 1112.0, 61.33093525179856, 242141, 0
85, 200, 5.0, 5, 0, 58, 1000, 700.0, 1112.0, 62.94964028776978, 476507, 0
86, 200, 5.0, 5, 0, 60, 1000, 719.0, 1112.0, 64.65827338129496, 467572, 0
87, 200, 5.0, 5, 0, 60, 1000, 728.0, 1112.0, 65.46762589928058, 262495, 0
88, 200, 5.0, 5, 0, 60, 1000, 728.0, 1112.0, 65.46762589928058, 288113, 0
89, 200, 5.0, 5, 0, 61, 1000, 731.0, 1112.0, 65.73741007194245, 1166717, 0
90, 200, 5.0, 5, 0, 62, 1000, 735.0, 1112.0, 66.09712230215827, 487366, 0
91, 200, 5.0, 5, 0, 63, 1000, 736.0, 1112.0, 66.18705035971223, 646499, 0
92, 200, 5.0, 5, 0, 63, 1000, 736.0, 1112.0, 66.18705035971223, 310159, 0
93, 200, 5.0, 5, 0, 64, 1000, 756.0, 1112.0, 67.98561151079137, 288323, 0
94, 200, 5.0, 5, 0, 65, 1000, 765.0, 1112.0, 68.79496402877699, 539166, 0
95, 200, 5.0, 5, 0, 65, 1000, 766.0, 1112.0, 68.88489208633094, 1483668, 0
96, 200, 5.0, 5, 0, 66, 1000, 768.0, 1112.0, 69.06474820143885, 412171, 0
97, 200, 5.0, 5, 0, 66, 1000, 768.0, 1112.0, 69.06474820143885, 641950, 0
98, 200, 5.0, 5, 0, 66, 1000, 769.0, 1112.0, 69.15467625899281, 81716, 0
99, 200, 5.0, 5, 0, 67, 1000, 778.0, 1112.0, 69.96402877697841, 591408, 0
100, 200, 5.0, 5, 0, 68, 1000, 791.0, 1112.0, 71.13309352517986, 502201, 0
101, 200, 5.0, 5, 0, 68, 1000, 800.0, 1112.0, 71.94244604316546, 275213, 0
102, 200, 5.0, 5, 0, 69, 1000, 801.0, 1112.0, 72.03237410071942, 316450, 0
103, 200, 5.0, 5, 0, 69, 1000, 810.0, 1112.0, 72.84172661870504, 640169, 0
104, 200, 5.0, 5, 0, 70, 1000, 813.0, 1112.0, 73.11151079136691, 805010, 0
105, 200, 5.0, 5, 0, 71, 1000, 818.0, 1112.0, 73.56115107913669, 69684, 0
106, 200, 5.0, 5, 0, 71, 1000, 818.0, 1112.0, 73.56115107913669, 724359, 0
107, 200, 5.0, 5, 0, 72, 1000, 825.0, 1112.0, 74.1906474820144, 480061, 0
